molecule mol09.xyz
System:, atNum: 7 coords [0.         0.         0.22013231]
System:, atNum: 1 coords [ 0.          1.77583422 -0.51364268]
System:, atNum: 1 coords [ 1.5379177  -0.88791617 -0.51364268]
System:, atNum: 1 coords [-1.5379177  -0.88791617 -0.51364268]
===== Original AO-S matrix =====

                  [Col  1]              [Col  2]              [Col  3]              [Col  4]              [Col  5]              [Col  6]              [Col  7]              [Col  8]
[Row   1]               1.0000               0.2350              -0.0000               0.0000               0.0000               0.0578               0.0578               0.0578
[Row   2]               0.2350               1.0000               0.0000               0.0000               0.0000               0.4919               0.4919               0.4919
[Row   3]              -0.0000               0.0000               1.0000               0.0000               0.0000              -0.1673              -0.1673              -0.1673
[Row   4]               0.0000               0.0000               0.0000               1.0000               0.0000               0.0000               0.3506              -0.3506
[Row   5]               0.0000               0.0000               0.0000               0.0000               1.0000               0.4049              -0.2024              -0.2024
[Row   6]               0.0578               0.4919              -0.1673               0.0000               0.4049               1.0000               0.2132               0.2132
[Row   7]               0.0578               0.4919              -0.1673               0.3506              -0.2024               0.2132               1.0000               0.2132
[Row   8]               0.0578               0.4919              -0.1673              -0.3506              -0.2024               0.2132               0.2132               1.0000
nbas 8
 ===== CA ===== 

                  [Col  1]              [Col  2]              [Col  3]              [Col  4]              [Col  5]              [Col  6]              [Col  7]              [Col  8]
[Row   1]               0.9934               0.2194              -0.0000               0.0000               0.0900               0.1844               0.0000              -0.0000
[Row   2]               0.0319              -0.7365               0.0000              -0.0000              -0.4523              -1.2569              -0.0000               0.0000
[Row   3]              -0.0050               0.1367               0.0000               0.0000              -0.8894               0.5735               0.0000              -0.0000
[Row   4]              -0.0000               0.0000               0.5926               0.0000               0.0000               0.0000               0.0000               1.0504
[Row   5]               0.0000              -0.0000              -0.0000               0.5926               0.0000              -0.0000               1.0504              -0.0000
[Row   6]              -0.0066              -0.1599              -0.0000               0.4968               0.1250               0.7134              -0.9928               0.0000
[Row   7]              -0.0066              -0.1599               0.4302              -0.2484               0.1250               0.7134               0.4964              -0.8598
[Row   8]              -0.0066              -0.1599              -0.4302              -0.2484               0.1250               0.7134               0.4964               0.8598
 ===== CB ===== 

                  [Col  1]              [Col  2]              [Col  3]              [Col  4]              [Col  5]              [Col  6]              [Col  7]              [Col  8]
[Row   1]               0.9934               0.2194              -0.0000               0.0000               0.0900               0.1844               0.0000              -0.0000
[Row   2]               0.0319              -0.7365               0.0000              -0.0000              -0.4523              -1.2569              -0.0000               0.0000
[Row   3]              -0.0050               0.1367               0.0000               0.0000              -0.8894               0.5735               0.0000              -0.0000
[Row   4]              -0.0000               0.0000               0.5926               0.0000               0.0000               0.0000               0.0000               1.0504
[Row   5]               0.0000              -0.0000              -0.0000               0.5926               0.0000              -0.0000               1.0504              -0.0000
[Row   6]              -0.0066              -0.1599              -0.0000               0.4968               0.1250               0.7134              -0.9928               0.0000
[Row   7]              -0.0066              -0.1599               0.4302              -0.2484               0.1250               0.7134               0.4964              -0.8598
[Row   8]              -0.0066              -0.1599              -0.4302              -0.2484               0.1250               0.7134               0.4964               0.8598
 ===== P_psi ===== Dalpha+Dbeta 

                  [Col  1]              [Col  2]              [Col  3]              [Col  4]              [Col  5]              [Col  6]              [Col  7]              [Col  8]
[Row   1]               2.0861              -0.3412              -0.1100              -0.0000               0.0000              -0.0609              -0.0609              -0.0609
[Row   2]              -0.3412               1.4960               0.6028               0.0000              -0.0000               0.1220               0.1220               0.1220
[Row   3]              -0.1100               0.6028               1.6194              -0.0000               0.0000              -0.2660              -0.2660              -0.2660
[Row   4]              -0.0000               0.0000              -0.0000               0.7023              -0.0000              -0.0000               0.5099              -0.5099
[Row   5]               0.0000              -0.0000               0.0000              -0.0000               0.7023               0.5888              -0.2944              -0.2944
[Row   6]              -0.0609               0.1220              -0.2660              -0.0000               0.5888               0.5761              -0.1643              -0.1643
[Row   7]              -0.0609               0.1220              -0.2660               0.5099              -0.2944              -0.1643               0.5761              -0.1643
[Row   8]              -0.0609               0.1220              -0.2660              -0.5099              -0.2944              -0.1643              -0.1643               0.5761
===== P_mu,nu local =====

                  [Col  1]              [Col  2]              [Col  3]              [Col  4]              [Col  5]              [Col  6]              [Col  7]              [Col  8]
[Row   1]               2.0861              -0.3412              -0.1100              -0.0000               0.0000              -0.0609              -0.0609              -0.0609
[Row   2]              -0.3412               1.4960               0.6028               0.0000              -0.0000               0.1220               0.1220               0.1220
[Row   3]              -0.1100               0.6028               1.6194              -0.0000               0.0000              -0.2660              -0.2660              -0.2660
[Row   4]              -0.0000               0.0000              -0.0000               0.7023              -0.0000              -0.0000               0.5099              -0.5099
[Row   5]               0.0000              -0.0000               0.0000              -0.0000               0.7023               0.5888              -0.2944              -0.2944
[Row   6]              -0.0609               0.1220              -0.2660              -0.0000               0.5888               0.5761              -0.1643              -0.1643
[Row   7]              -0.0609               0.1220              -0.2660               0.5099              -0.2944              -0.1643               0.5761              -0.1643
[Row   8]              -0.0609               0.1220              -0.2660              -0.5099              -0.2944              -0.1643              -0.1643               0.5761
===== P_mu,nu psi4 =====

                  [Col  1]              [Col  2]              [Col  3]              [Col  4]              [Col  5]              [Col  6]              [Col  7]              [Col  8]
[Row   1]               2.0861              -0.3412              -0.1100              -0.0000               0.0000              -0.0609              -0.0609              -0.0609
[Row   2]              -0.3412               1.4960               0.6028               0.0000              -0.0000               0.1220               0.1220               0.1220
[Row   3]              -0.1100               0.6028               1.6194              -0.0000               0.0000              -0.2660              -0.2660              -0.2660
[Row   4]              -0.0000               0.0000              -0.0000               0.7023              -0.0000              -0.0000               0.5099              -0.5099
[Row   5]               0.0000              -0.0000               0.0000              -0.0000               0.7023               0.5888              -0.2944              -0.2944
[Row   6]              -0.0609               0.1220              -0.2660              -0.0000               0.5888               0.5761              -0.1643              -0.1643
[Row   7]              -0.0609               0.1220              -0.2660               0.5099              -0.2944              -0.1643               0.5761              -0.1643
[Row   8]              -0.0609               0.1220              -0.2660              -0.5099              -0.2944              -0.1643              -0.1643               0.5761
====== P^(AO) = SPS =====

                  [Col  1]              [Col  2]              [Col  3]              [Col  4]              [Col  5]              [Col  6]              [Col  7]              [Col  8]
[Row   1]               1.9997               0.4741              -0.0054               0.0000               0.0000               0.1076               0.1076               0.1076
[Row   2]               0.4741               1.9483               0.0693               0.0000               0.0000               1.0848               1.0848               1.0848
[Row   3]              -0.0054               0.0693               1.9072               0.0000               0.0000              -0.4699              -0.4699              -0.4699
[Row   4]               0.0000               0.0000               0.0000               1.5995               0.0000               0.0000               0.9771              -0.9771
[Row   5]               0.0000               0.0000               0.0000               0.0000               1.5995               1.1282              -0.5641              -0.5641
[Row   6]               0.1076               1.0848              -0.4699               0.0000               1.1282               1.5495               0.3558               0.3558
[Row   7]               0.1076               1.0848              -0.4699               0.9771              -0.5641               0.3558               1.5495               0.3558
[Row   8]               0.1076               1.0848              -0.4699              -0.9771              -0.5641               0.3558               0.3558               1.5495
====== S^(AO) = S =====

                  [Col  1]              [Col  2]              [Col  3]              [Col  4]              [Col  5]              [Col  6]              [Col  7]              [Col  8]
[Row   1]               1.0000               0.2350               0.0000               0.0000               0.0000               0.0578               0.0578               0.0578
[Row   2]               0.2350               1.0000               0.0000               0.0000               0.0000               0.4919               0.4919               0.4919
[Row   3]               0.0000               0.0000               1.0000               0.0000               0.0000              -0.1673              -0.1673              -0.1673
[Row   4]               0.0000               0.0000               0.0000               1.0000               0.0000               0.0000               0.3506              -0.3506
[Row   5]               0.0000               0.0000               0.0000               0.0000               1.0000               0.4049              -0.2024              -0.2024
[Row   6]               0.0578               0.4919              -0.1673               0.0000               0.4049               1.0000               0.2132               0.2132
[Row   7]               0.0578               0.4919              -0.1673               0.3506              -0.2024               0.2132               1.0000               0.2132
[Row   8]               0.0578               0.4919              -0.1673              -0.3506              -0.2024               0.2132               0.2132               1.0000
====== P^(AO) std gaussian m_l ordering SPS =====

                  [Col  1]              [Col  2]              [Col  3]              [Col  4]              [Col  5]              [Col  6]              [Col  7]              [Col  8]
[Row   1]               1.9997               0.4741               0.0000               0.0000              -0.0054               0.1076               0.1076               0.1076
[Row   2]               0.4741               1.9483               0.0000               0.0000               0.0693               1.0848               1.0848               1.0848
[Row   3]               0.0000               0.0000               1.5995               0.0000               0.0000               0.0000               0.9771              -0.9771
[Row   4]               0.0000               0.0000               0.0000               1.5995               0.0000               1.1282              -0.5641              -0.5641
[Row   5]              -0.0054               0.0693               0.0000               0.0000               1.9072              -0.4699              -0.4699              -0.4699
[Row   6]               0.1076               1.0848               0.0000               1.1282              -0.4699               1.5495               0.3558               0.3558
[Row   7]               0.1076               1.0848               0.9771              -0.5641              -0.4699               0.3558               1.5495               0.3558
[Row   8]               0.1076               1.0848              -0.9771              -0.5641              -0.4699               0.3558               0.3558               1.5495
====== S^(AO) std gaussian m_l ordering =====

                  [Col  1]              [Col  2]              [Col  3]              [Col  4]              [Col  5]              [Col  6]              [Col  7]              [Col  8]
[Row   1]               1.0000               0.2350               0.0000               0.0000               0.0000               0.0578               0.0578               0.0578
[Row   2]               0.2350               1.0000               0.0000               0.0000               0.0000               0.4919               0.4919               0.4919
[Row   3]               0.0000               0.0000               1.0000               0.0000               0.0000               0.0000               0.3506              -0.3506
[Row   4]               0.0000               0.0000               0.0000               1.0000               0.0000               0.4049              -0.2024              -0.2024
[Row   5]               0.0000               0.0000               0.0000               0.0000               1.0000              -0.1673              -0.1673              -0.1673
[Row   6]               0.0578               0.4919               0.0000               0.4049              -0.1673               1.0000               0.2132               0.2132
[Row   7]               0.0578               0.4919               0.3506              -0.2024              -0.1673               0.2132               1.0000               0.2132
[Row   8]               0.0578               0.4919              -0.3506              -0.2024              -0.1673               0.2132               0.2132               1.0000
===== After load P check zeros ===== 
 [[ 1.99968507  0.47411042  0.          0.         -0.00540733  0.10763308
   0.10763312  0.10763312]
 [ 0.47411042  1.9483056   0.          0.          0.06927792  1.08479919
   1.08479944  1.08479944]
 [ 0.          0.          1.59948344  0.          0.          0.
   0.97706371 -0.97706371]
 [ 0.          0.          0.          1.59948325  0.          1.1282159
  -0.56410753 -0.56410753]
 [-0.00540733  0.06927792  0.          0.          1.90715762 -0.46988177
  -0.46988192 -0.46988192]
 [ 0.10763308  1.08479919  0.          1.1282159  -0.46988177  1.54951894
   0.35581722  0.35581722]
 [ 0.10763312  1.08479944  0.97706371 -0.56410753 -0.46988192  0.35581722
   1.54951902  0.35581677]
 [ 0.10763312  1.08479944 -0.97706371 -0.56410753 -0.46988192  0.35581722
   0.35581677  1.54951902]]
lctrl 0 ntrue 2
lctrl 1 ntrue 3
lctrl 1
===== cA before average ===== 
 [[1.59948344 0.         0.        ]
 [0.         1.59948325 0.        ]
 [0.         0.         1.90715762]]
===== cB before average ===== 
 [[1. 0. 0.]
 [0. 1. 0.]
 [0. 0. 1.]]
===== cA after average ===== 
 [[1.59948344 0.         0.        ]
 [0.         1.59948325 0.        ]
 [0.         0.         1.90715762]]
===== cB after average ===== 
 [[1. 0. 0.]
 [0. 1. 0.]
 [0. 0. 1.]]
lctrl 0 ntrue 1
lctrl 0 ntrue 1
lctrl 0 ntrue 1
N_functions in (iatom,l):( 0 0 ) block =  2
===== iatom,lblock eigvals ===== 0 0 
 [2.         1.94294192]
===== iatom,lblock eigvecs ===== 0 0 
 [[-0.97927136  0.31543708]
 [-0.07643475 -1.02597792]]
N_functions in (iatom,l):( 0 1 ) block =  3
eigvecs before 
 [[0. 1. 0.]
 [0. 0. 1.]
 [1. 0. 0.]]
mlMap 
 [[0. 0. 1.]
 [1. 0. 0.]
 [0. 1. 0.]]
eigvecs after 
 [[1. 0. 0.]
 [0. 1. 0.]
 [0. 0. 1.]]
===== iatom,lblock eigvals ===== 0 1 
 [1.90715762 1.59948344 1.59948325]
===== iatom,lblock eigvecs ===== 0 1 
 [[1. 0. 0.]
 [0. 1. 0.]
 [0. 0. 1.]]
N_functions in (iatom,l):( 1 0 ) block =  1
===== iatom,lblock eigvals ===== 1 0 
 [1.54951894]
===== iatom,lblock eigvecs ===== 1 0 
 [[1.]]
N_functions in (iatom,l):( 2 0 ) block =  1
===== iatom,lblock eigvals ===== 2 0 
 [1.54951902]
===== iatom,lblock eigvecs ===== 2 0 
 [[1.]]
N_functions in (iatom,l):( 3 0 ) block =  1
===== iatom,lblock eigvals ===== 3 0 
 [1.54951902]
===== iatom,lblock eigvecs ===== 3 0 
 [[1.]]
===== W_pnao ===== 
 [2.         1.94294192 1.90715762 1.59948344 1.59948325 1.54951894
 1.54951902 1.54951902]
===== N_avpnao =====

                  [Col  1]              [Col  2]              [Col  3]              [Col  4]              [Col  5]              [Col  6]              [Col  7]              [Col  8]
[Row   1]              -0.9793               0.3154               0.0000               0.0000               0.0000               0.0000               0.0000               0.0000
[Row   2]              -0.0764              -1.0260               0.0000               0.0000               0.0000               0.0000               0.0000               0.0000
[Row   3]               0.0000               0.0000               1.0000               0.0000               0.0000               0.0000               0.0000               0.0000
[Row   4]               0.0000               0.0000               0.0000               1.0000               0.0000               0.0000               0.0000               0.0000
[Row   5]               0.0000               0.0000               0.0000               0.0000               1.0000               0.0000               0.0000               0.0000
[Row   6]               0.0000               0.0000               0.0000               0.0000               0.0000               1.0000               0.0000               0.0000
[Row   7]               0.0000               0.0000               0.0000               0.0000               0.0000               0.0000               1.0000               0.0000
[Row   8]               0.0000               0.0000               0.0000               0.0000               0.0000               0.0000               0.0000               1.0000
N_functions in (iatom,l):( 0 0 ) block =  2
===== iatom,lblock eigvals ===== 0 0 
 [2.         1.94294192]
===== iatom,lblock eigvecs ===== 0 0 
 [[-0.97927136  0.31543708]
 [-0.07643475 -1.02597792]]
N_functions in (iatom,l):( 0 1 ) block =  3
eigvecs before 
 [[0. 1. 0.]
 [0. 0. 1.]
 [1. 0. 0.]]
mlMap 
 [[0. 0. 1.]
 [1. 0. 0.]
 [0. 1. 0.]]
eigvecs after 
 [[1. 0. 0.]
 [0. 1. 0.]
 [0. 0. 1.]]
===== iatom,lblock eigvals ===== 0 1 
 [1.90715762 1.59948344 1.59948325]
===== iatom,lblock eigvecs ===== 0 1 
 [[1. 0. 0.]
 [0. 1. 0.]
 [0. 0. 1.]]
N_functions in (iatom,l):( 1 0 ) block =  1
===== iatom,lblock eigvals ===== 1 0 
 [1.54951894]
===== iatom,lblock eigvecs ===== 1 0 
 [[1.]]
N_functions in (iatom,l):( 2 0 ) block =  1
===== iatom,lblock eigvals ===== 2 0 
 [1.54951902]
===== iatom,lblock eigvecs ===== 2 0 
 [[1.]]
N_functions in (iatom,l):( 3 0 ) block =  1
===== iatom,lblock eigvals ===== 3 0 
 [1.54951902]
===== iatom,lblock eigvecs ===== 3 0 
 [[1.]]
N_functions in (iatom,l):( 0 0 ) block =  2
===== iatom,lblock eigvals ===== 0 0 
 [2.         1.94294192]
===== iatom,lblock eigvecs ===== 0 0 
 [[-0.97927136  0.31543708]
 [-0.07643475 -1.02597792]]
N_functions in (iatom,l):( 0 1 ) block =  3
eigvecs before 
 [[0. 1. 0.]
 [0. 0. 1.]
 [1. 0. 0.]]
mlMap 
 [[0. 0. 1.]
 [1. 0. 0.]
 [0. 1. 0.]]
eigvecs after 
 [[1. 0. 0.]
 [0. 1. 0.]
 [0. 0. 1.]]
===== iatom,lblock eigvals ===== 0 1 
 [1.90715762 1.59948344 1.59948325]
===== iatom,lblock eigvecs ===== 0 1 
 [[1. 0. 0.]
 [0. 1. 0.]
 [0. 0. 1.]]
N_functions in (iatom,l):( 1 0 ) block =  1
===== iatom,lblock eigvals ===== 1 0 
 [1.54951894]
===== iatom,lblock eigvecs ===== 1 0 
 [[1.]]
N_functions in (iatom,l):( 2 0 ) block =  1
===== iatom,lblock eigvals ===== 2 0 
 [1.54951902]
===== iatom,lblock eigvecs ===== 2 0 
 [[1.]]
N_functions in (iatom,l):( 3 0 ) block =  1
===== iatom,lblock eigvals ===== 3 0 
 [1.54951902]
===== iatom,lblock eigvecs ===== 3 0 
 [[1.]]
eigvalP_aoao 
 [2.         1.94294192 1.90715762 1.59948344 1.59948325 1.54951894
 1.54951902 1.54951902]
eigvalP_avav 
 [2.         1.94294192 1.90715762 1.59948344 1.59948325 1.54951894
 1.54951902 1.54951902]
===== eigvecP_aoao =====

                  [Col  1]              [Col  2]              [Col  3]              [Col  4]              [Col  5]              [Col  6]              [Col  7]              [Col  8]
[Row   1]              -0.9793               0.3154               0.0000               0.0000               0.0000               0.0000               0.0000               0.0000
[Row   2]              -0.0764              -1.0260               0.0000               0.0000               0.0000               0.0000               0.0000               0.0000
[Row   3]               0.0000               0.0000               1.0000               0.0000               0.0000               0.0000               0.0000               0.0000
[Row   4]               0.0000               0.0000               0.0000               1.0000               0.0000               0.0000               0.0000               0.0000
[Row   5]               0.0000               0.0000               0.0000               0.0000               1.0000               0.0000               0.0000               0.0000
[Row   6]               0.0000               0.0000               0.0000               0.0000               0.0000               1.0000               0.0000               0.0000
[Row   7]               0.0000               0.0000               0.0000               0.0000               0.0000               0.0000               1.0000               0.0000
[Row   8]               0.0000               0.0000               0.0000               0.0000               0.0000               0.0000               0.0000               1.0000
===== eigvecP_avav =====

                  [Col  1]              [Col  2]              [Col  3]              [Col  4]              [Col  5]              [Col  6]              [Col  7]              [Col  8]
[Row   1]              -0.9793               0.3154               0.0000               0.0000               0.0000               0.0000               0.0000               0.0000
[Row   2]              -0.0764              -1.0260               0.0000               0.0000               0.0000               0.0000               0.0000               0.0000
[Row   3]               0.0000               0.0000               1.0000               0.0000               0.0000               0.0000               0.0000               0.0000
[Row   4]               0.0000               0.0000               0.0000               1.0000               0.0000               0.0000               0.0000               0.0000
[Row   5]               0.0000               0.0000               0.0000               0.0000               1.0000               0.0000               0.0000               0.0000
[Row   6]               0.0000               0.0000               0.0000               0.0000               0.0000               1.0000               0.0000               0.0000
[Row   7]               0.0000               0.0000               0.0000               0.0000               0.0000               0.0000               1.0000               0.0000
[Row   8]               0.0000               0.0000               0.0000               0.0000               0.0000               0.0000               0.0000               1.0000
===== T1 =====

                  [Col  1]              [Col  2]              [Col  3]              [Col  4]              [Col  5]              [Col  6]              [Col  7]              [Col  8]
[Row   1]               1.0000               0.0000               0.0000               0.0000               0.0000               0.0000               0.0000               0.0000
[Row   2]               0.0000               1.0000               0.0000               0.0000               0.0000               0.0000               0.0000               0.0000
[Row   3]               0.0000               0.0000               1.0000               0.0000               0.0000               0.0000               0.0000               0.0000
[Row   4]               0.0000               0.0000               0.0000               1.0000               0.0000               0.0000               0.0000               0.0000
[Row   5]               0.0000               0.0000               0.0000               0.0000               1.0000               0.0000               0.0000               0.0000
[Row   6]               0.0000               0.0000               0.0000               0.0000               0.0000               1.0000               0.0000               0.0000
[Row   7]               0.0000               0.0000               0.0000               0.0000               0.0000               0.0000               1.0000               0.0000
[Row   8]               0.0000               0.0000               0.0000               0.0000               0.0000               0.0000               0.0000               1.0000
===== invT1*T1 =====

                  [Col  1]              [Col  2]              [Col  3]              [Col  4]              [Col  5]              [Col  6]              [Col  7]              [Col  8]
[Row   1]               1.0000               0.0000               0.0000               0.0000               0.0000               0.0000               0.0000               0.0000
[Row   2]               0.0000               1.0000               0.0000               0.0000               0.0000               0.0000               0.0000               0.0000
[Row   3]               0.0000               0.0000               1.0000               0.0000               0.0000               0.0000               0.0000               0.0000
[Row   4]               0.0000               0.0000               0.0000               1.0000               0.0000               0.0000               0.0000               0.0000
[Row   5]               0.0000               0.0000               0.0000               0.0000               1.0000               0.0000               0.0000               0.0000
[Row   6]               0.0000               0.0000               0.0000               0.0000               0.0000               1.0000               0.0000               0.0000
[Row   7]               0.0000               0.0000               0.0000               0.0000               0.0000               0.0000               1.0000               0.0000
[Row   8]               0.0000               0.0000               0.0000               0.0000               0.0000               0.0000               0.0000               1.0000
===== Trial P_aoao -> P_avav =====

                  [Col  1]              [Col  2]              [Col  3]              [Col  4]              [Col  5]              [Col  6]              [Col  7]              [Col  8]
[Row   1]               1.9997               0.4741               0.0000               0.0000              -0.0054               0.1076               0.1076               0.1076
[Row   2]               0.4741               1.9483               0.0000               0.0000               0.0693               1.0848               1.0848               1.0848
[Row   3]               0.0000               0.0000               1.5995               0.0000               0.0000               0.0000               0.9771              -0.9771
[Row   4]               0.0000               0.0000               0.0000               1.5995               0.0000               1.1282              -0.5641              -0.5641
[Row   5]              -0.0054               0.0693               0.0000               0.0000               1.9072              -0.4699              -0.4699              -0.4699
[Row   6]               0.1076               1.0848               0.0000               1.1282              -0.4699               1.5495               0.3558               0.3558
[Row   7]               0.1076               1.0848               0.9771              -0.5641              -0.4699               0.3558               1.5495               0.3558
[Row   8]               0.1076               1.0848              -0.9771              -0.5641              -0.4699               0.3558               0.3558               1.5495
===== P_avav =====

                  [Col  1]              [Col  2]              [Col  3]              [Col  4]              [Col  5]              [Col  6]              [Col  7]              [Col  8]
[Row   1]               1.9997               0.4741               0.0000               0.0000              -0.0054               0.1076               0.1076               0.1076
[Row   2]               0.4741               1.9483               0.0000               0.0000               0.0693               1.0848               1.0848               1.0848
[Row   3]               0.0000               0.0000               1.5995               0.0000               0.0000               0.0000               0.9771              -0.9771
[Row   4]               0.0000               0.0000               0.0000               1.5995               0.0000               1.1282              -0.5641              -0.5641
[Row   5]              -0.0054               0.0693               0.0000               0.0000               1.9072              -0.4699              -0.4699              -0.4699
[Row   6]               0.1076               1.0848               0.0000               1.1282              -0.4699               1.5495               0.3558               0.3558
[Row   7]               0.1076               1.0848               0.9771              -0.5641              -0.4699               0.3558               1.5495               0.3558
[Row   8]               0.1076               1.0848              -0.9771              -0.5641              -0.4699               0.3558               0.3558               1.5495
===== Trial S_aoao -> S_avav =====

                  [Col  1]              [Col  2]              [Col  3]              [Col  4]              [Col  5]              [Col  6]              [Col  7]              [Col  8]
[Row   1]               1.0000               0.2350               0.0000               0.0000               0.0000               0.0578               0.0578               0.0578
[Row   2]               0.2350               1.0000               0.0000               0.0000               0.0000               0.4919               0.4919               0.4919
[Row   3]               0.0000               0.0000               1.0000               0.0000               0.0000               0.0000               0.3506              -0.3506
[Row   4]               0.0000               0.0000               0.0000               1.0000               0.0000               0.4049              -0.2024              -0.2024
[Row   5]               0.0000               0.0000               0.0000               0.0000               1.0000              -0.1673              -0.1673              -0.1673
[Row   6]               0.0578               0.4919               0.0000               0.4049              -0.1673               1.0000               0.2132               0.2132
[Row   7]               0.0578               0.4919               0.3506              -0.2024              -0.1673               0.2132               1.0000               0.2132
[Row   8]               0.0578               0.4919              -0.3506              -0.2024              -0.1673               0.2132               0.2132               1.0000
===== S_avav =====

                  [Col  1]              [Col  2]              [Col  3]              [Col  4]              [Col  5]              [Col  6]              [Col  7]              [Col  8]
[Row   1]               1.0000               0.2350               0.0000               0.0000               0.0000               0.0578               0.0578               0.0578
[Row   2]               0.2350               1.0000               0.0000               0.0000               0.0000               0.4919               0.4919               0.4919
[Row   3]               0.0000               0.0000               1.0000               0.0000               0.0000               0.0000               0.3506              -0.3506
[Row   4]               0.0000               0.0000               0.0000               1.0000               0.0000               0.4049              -0.2024              -0.2024
[Row   5]               0.0000               0.0000               0.0000               0.0000               1.0000              -0.1673              -0.1673              -0.1673
[Row   6]               0.0578               0.4919               0.0000               0.4049              -0.1673               1.0000               0.2132               0.2132
[Row   7]               0.0578               0.4919               0.3506              -0.2024              -0.1673               0.2132               1.0000               0.2132
[Row   8]               0.0578               0.4919              -0.3506              -0.2024              -0.1673               0.2132               0.2132               1.0000
===== Spnao =====

                  [Col  1]              [Col  2]              [Col  3]              [Col  4]              [Col  5]              [Col  6]              [Col  7]              [Col  8]
[Row   1]               1.0000              -0.0000               0.0000               0.0000               0.0000              -0.0942              -0.0942              -0.0942
[Row   2]              -0.0000               1.0000               0.0000               0.0000               0.0000              -0.4865              -0.4865              -0.4865
[Row   3]               0.0000               0.0000               1.0000               0.0000               0.0000               0.0000               0.3506              -0.3506
[Row   4]               0.0000               0.0000               0.0000               1.0000               0.0000               0.4049              -0.2024              -0.2024
[Row   5]               0.0000               0.0000               0.0000               0.0000               1.0000              -0.1673              -0.1673              -0.1673
[Row   6]              -0.0942              -0.4865               0.0000               0.4049              -0.1673               1.0000               0.2132               0.2132
[Row   7]              -0.0942              -0.4865               0.3506              -0.2024              -0.1673               0.2132               1.0000               0.2132
[Row   8]              -0.0942              -0.4865              -0.3506              -0.2024              -0.1673               0.2132               0.2132               1.0000
===== Ppnao =====

                  [Col  1]              [Col  2]              [Col  3]              [Col  4]              [Col  5]              [Col  6]              [Col  7]              [Col  8]
[Row   1]               2.0000              -0.0000               0.0000               0.0000               0.0000              -0.1883              -0.1883              -0.1883
[Row   2]              -0.0000               1.9429               0.0000               0.0000              -0.0728              -1.0790              -1.0790              -1.0790
[Row   3]               0.0000               0.0000               1.5995               0.0000               0.0000               0.0000               0.9771              -0.9771
[Row   4]               0.0000               0.0000               0.0000               1.5995               0.0000               1.1282              -0.5641              -0.5641
[Row   5]               0.0000              -0.0728               0.0000               0.0000               1.9072              -0.4699              -0.4699              -0.4699
[Row   6]              -0.1883              -1.0790               0.0000               1.1282              -0.4699               1.5495               0.3558               0.3558
[Row   7]              -0.1883              -1.0790               0.9771              -0.5641              -0.4699               0.3558               1.5495               0.3558
[Row   8]              -0.1883              -1.0790              -0.9771              -0.5641              -0.4699               0.3558               0.3558               1.5495
