molecule mol04.xyz
System:, atNum: 6 coords [0.         0.         0.32946052]
System:, atNum: 1 coords [ 0.          1.62938234 -0.98838157]
System:, atNum: 1 coords [ 0.         -1.62938234 -0.98838157]
===== Original AO-S matrix =====

                  [Col  1]              [Col  2]              [Col  3]              [Col  4]              [Col  5]              [Col  6]              [Col  7]
[Row   1]               1.0000               0.2484               0.0000               0.0000               0.0000               0.0596               0.0596
[Row   2]               0.2484               1.0000               0.0000               0.0000               0.0000               0.4799               0.4799
[Row   3]               0.0000               0.0000               1.0000               0.0000               0.0000              -0.2897              -0.2897
[Row   4]               0.0000               0.0000               0.0000               1.0000               0.0000               0.0000               0.0000
[Row   5]               0.0000               0.0000               0.0000               0.0000               1.0000               0.3582              -0.3582
[Row   6]               0.0596               0.4799              -0.2897               0.0000               0.3582               1.0000               0.1843
[Row   7]               0.0596               0.4799              -0.2897               0.0000              -0.3582               0.1843               1.0000
nbas 7
 ===== CA ===== 

                  [Col  1]              [Col  2]              [Col  3]              [Col  4]              [Col  5]              [Col  6]              [Col  7]
[Row   1]               0.9931               0.2150              -0.0000               0.1402               0.0000               0.0000               0.1684
[Row   2]               0.0302              -0.6605               0.0000              -0.6396              -0.0000              -0.0000              -1.0563
[Row   3]              -0.0067               0.1744               0.0000              -0.7525              -0.0000               0.0000               0.8423
[Row   4]               0.0000               0.0000              -0.0000              -0.0000               1.0000              -0.0000              -0.0000
[Row   5]               0.0000              -0.0000               0.5372               0.0000              -0.0000               1.0818              -0.0000
[Row   6]              -0.0073              -0.2707               0.4653               0.2280               0.0000              -0.8233               0.8869
[Row   7]              -0.0073              -0.2707              -0.4653               0.2280               0.0000               0.8233               0.8869
 ===== CB ===== 

                  [Col  1]              [Col  2]              [Col  3]              [Col  4]              [Col  5]              [Col  6]              [Col  7]
[Row   1]               0.9931               0.2150              -0.0000               0.1402               0.0000               0.0000               0.1684
[Row   2]               0.0302              -0.6605               0.0000              -0.6396              -0.0000              -0.0000              -1.0563
[Row   3]              -0.0067               0.1744               0.0000              -0.7525              -0.0000               0.0000               0.8423
[Row   4]               0.0000               0.0000              -0.0000              -0.0000               1.0000              -0.0000              -0.0000
[Row   5]               0.0000              -0.0000               0.5372               0.0000              -0.0000               1.0818              -0.0000
[Row   6]              -0.0073              -0.2707               0.4653               0.2280               0.0000              -0.8233               0.8869
[Row   7]              -0.0073              -0.2707              -0.4653               0.2280               0.0000               0.8233               0.8869
 ===== P_psi ===== Dalpha+Dbeta 

                  [Col  1]              [Col  2]              [Col  3]              [Col  4]              [Col  5]              [Col  6]              [Col  7]
[Row   1]               2.1042              -0.4034              -0.1494               0.0000              -0.0000              -0.0670              -0.0670
[Row   2]              -0.4034               1.6926               0.7318               0.0000               0.0000               0.0656               0.0656
[Row   3]              -0.1494               0.7318               1.1933               0.0000               0.0000              -0.4374              -0.4374
[Row   4]               0.0000               0.0000               0.0000               0.0000              -0.0000              -0.0000              -0.0000
[Row   5]              -0.0000               0.0000               0.0000              -0.0000               0.5772               0.5000              -0.5000
[Row   6]              -0.0670               0.0656              -0.4374              -0.0000               0.5000               0.6836              -0.1824
[Row   7]              -0.0670               0.0656              -0.4374              -0.0000              -0.5000              -0.1824               0.6836
===== P_mu,nu local =====

                  [Col  1]              [Col  2]              [Col  3]              [Col  4]              [Col  5]              [Col  6]              [Col  7]
[Row   1]               2.1042              -0.4034              -0.1494               0.0000              -0.0000              -0.0670              -0.0670
[Row   2]              -0.4034               1.6926               0.7318               0.0000               0.0000               0.0656               0.0656
[Row   3]              -0.1494               0.7318               1.1933               0.0000               0.0000              -0.4374              -0.4374
[Row   4]               0.0000               0.0000               0.0000               0.0000              -0.0000              -0.0000              -0.0000
[Row   5]              -0.0000               0.0000               0.0000              -0.0000               0.5772               0.5000              -0.5000
[Row   6]              -0.0670               0.0656              -0.4374              -0.0000               0.5000               0.6836              -0.1824
[Row   7]              -0.0670               0.0656              -0.4374              -0.0000              -0.5000              -0.1824               0.6836
===== P_mu,nu psi4 =====

                  [Col  1]              [Col  2]              [Col  3]              [Col  4]              [Col  5]              [Col  6]              [Col  7]
[Row   1]               2.1042              -0.4034              -0.1494               0.0000              -0.0000              -0.0670              -0.0670
[Row   2]              -0.4034               1.6926               0.7318               0.0000               0.0000               0.0656               0.0656
[Row   3]              -0.1494               0.7318               1.1933               0.0000               0.0000              -0.4374              -0.4374
[Row   4]               0.0000               0.0000               0.0000               0.0000              -0.0000              -0.0000              -0.0000
[Row   5]              -0.0000               0.0000               0.0000              -0.0000               0.5772               0.5000              -0.5000
[Row   6]              -0.0670               0.0656              -0.4374              -0.0000               0.5000               0.6836              -0.1824
[Row   7]              -0.0670               0.0656              -0.4374              -0.0000              -0.5000              -0.1824               0.6836
====== P^(AO) = SPS =====

                  [Col  1]              [Col  2]              [Col  3]              [Col  4]              [Col  5]              [Col  6]              [Col  7]
[Row   1]               1.9997               0.5006              -0.0077               0.0000               0.0000               0.1119               0.1119
[Row   2]               0.5006               1.9468               0.1072               0.0000               0.0000               1.0608               1.0608
[Row   3]              -0.0077               0.1072               1.7843               0.0000               0.0000              -0.7827              -0.7827
[Row   4]               0.0000               0.0000               0.0000               0.0000               0.0000               0.0000               0.0000
[Row   5]               0.0000               0.0000               0.0000               0.0000               1.5158               0.9959              -0.9959
[Row   6]               0.1119               1.0608              -0.7827               0.0000               0.9959               1.6470               0.3384
[Row   7]               0.1119               1.0608              -0.7827               0.0000              -0.9959               0.3384               1.6470
====== S^(AO) = S =====

                  [Col  1]              [Col  2]              [Col  3]              [Col  4]              [Col  5]              [Col  6]              [Col  7]
[Row   1]               1.0000               0.2484               0.0000               0.0000               0.0000               0.0596               0.0596
[Row   2]               0.2484               1.0000               0.0000               0.0000               0.0000               0.4799               0.4799
[Row   3]               0.0000               0.0000               1.0000               0.0000               0.0000              -0.2897              -0.2897
[Row   4]               0.0000               0.0000               0.0000               1.0000               0.0000               0.0000               0.0000
[Row   5]               0.0000               0.0000               0.0000               0.0000               1.0000               0.3582              -0.3582
[Row   6]               0.0596               0.4799              -0.2897               0.0000               0.3582               1.0000               0.1843
[Row   7]               0.0596               0.4799              -0.2897               0.0000              -0.3582               0.1843               1.0000
====== P^(AO) std gaussian m_l ordering SPS =====

                  [Col  1]              [Col  2]              [Col  3]              [Col  4]              [Col  5]              [Col  6]              [Col  7]
[Row   1]               1.9997               0.5006               0.0000               0.0000              -0.0077               0.1119               0.1119
[Row   2]               0.5006               1.9468               0.0000               0.0000               0.1072               1.0608               1.0608
[Row   3]               0.0000               0.0000               0.0000               0.0000               0.0000               0.0000               0.0000
[Row   4]               0.0000               0.0000               0.0000               1.5158               0.0000               0.9959              -0.9959
[Row   5]              -0.0077               0.1072               0.0000               0.0000               1.7843              -0.7827              -0.7827
[Row   6]               0.1119               1.0608               0.0000               0.9959              -0.7827               1.6470               0.3384
[Row   7]               0.1119               1.0608               0.0000              -0.9959              -0.7827               0.3384               1.6470
====== S^(AO) std gaussian m_l ordering =====

                  [Col  1]              [Col  2]              [Col  3]              [Col  4]              [Col  5]              [Col  6]              [Col  7]
[Row   1]               1.0000               0.2484               0.0000               0.0000               0.0000               0.0596               0.0596
[Row   2]               0.2484               1.0000               0.0000               0.0000               0.0000               0.4799               0.4799
[Row   3]               0.0000               0.0000               1.0000               0.0000               0.0000               0.0000               0.0000
[Row   4]               0.0000               0.0000               0.0000               1.0000               0.0000               0.3582              -0.3582
[Row   5]               0.0000               0.0000               0.0000               0.0000               1.0000              -0.2897              -0.2897
[Row   6]               0.0596               0.4799               0.0000               0.3582              -0.2897               1.0000               0.1843
[Row   7]               0.0596               0.4799               0.0000              -0.3582              -0.2897               0.1843               1.0000
===== After load P check zeros ===== 
 [[ 1.99972462  0.50055408  0.          0.         -0.00770733  0.11189759
   0.11189759]
 [ 0.50055408  1.94675181  0.          0.          0.10717403  1.06081304
   1.06081304]
 [ 0.          0.          0.          0.          0.          0.
   0.        ]
 [ 0.          0.          0.          1.51581642  0.          0.99590821
  -0.99590821]
 [-0.00770733  0.10717403  0.          0.          1.78428803 -0.78271389
  -0.78271389]
 [ 0.11189759  1.06081304  0.          0.99590821 -0.78271389  1.64704547
   0.33839998]
 [ 0.11189759  1.06081304  0.         -0.99590821 -0.78271389  0.33839998
   1.64704547]]
lctrl 0 ntrue 2
lctrl 1 ntrue 3
lctrl 1
===== cA before average ===== 
 [[0.         0.         0.        ]
 [0.         1.51581642 0.        ]
 [0.         0.         1.78428803]]
===== cB before average ===== 
 [[1. 0. 0.]
 [0. 1. 0.]
 [0. 0. 1.]]
===== cA after average ===== 
 [[0.         0.         0.        ]
 [0.         1.51581642 0.        ]
 [0.         0.         1.78428803]]
===== cB after average ===== 
 [[1. 0. 0.]
 [0. 1. 0.]
 [0. 0. 1.]]
lctrl 0 ntrue 1
lctrl 0 ntrue 1
N_functions in (iatom,l):( 0 0 ) block =  2
===== iatom,lblock eigvals ===== 0 0 
 [2.        1.9409307]
===== iatom,lblock eigvecs ===== 0 0 
 [[-0.98015988  0.32407641]
 [-0.07048734 -1.02993711]]
N_functions in (iatom,l):( 0 1 ) block =  3
eigvecs before 
 [[0. 0. 1.]
 [0. 1. 0.]
 [1. 0. 0.]]
mlMap 
 [[0. 0. 1.]
 [0. 1. 0.]
 [1. 0. 0.]]
eigvecs after 
 [[1. 0. 0.]
 [0. 1. 0.]
 [0. 0. 1.]]
===== iatom,lblock eigvals ===== 0 1 
 [1.78428803 1.51581642 0.        ]
===== iatom,lblock eigvecs ===== 0 1 
 [[1. 0. 0.]
 [0. 1. 0.]
 [0. 0. 1.]]
N_functions in (iatom,l):( 1 0 ) block =  1
===== iatom,lblock eigvals ===== 1 0 
 [1.64704547]
===== iatom,lblock eigvecs ===== 1 0 
 [[1.]]
N_functions in (iatom,l):( 2 0 ) block =  1
===== iatom,lblock eigvals ===== 2 0 
 [1.64704547]
===== iatom,lblock eigvecs ===== 2 0 
 [[1.]]
===== W_pnao ===== 
 [2.         1.9409307  1.78428803 1.51581642 0.         1.64704547
 1.64704547]
===== N_avpnao =====

                  [Col  1]              [Col  2]              [Col  3]              [Col  4]              [Col  5]              [Col  6]              [Col  7]
[Row   1]              -0.9802               0.3241               0.0000               0.0000               0.0000               0.0000               0.0000
[Row   2]              -0.0705              -1.0299               0.0000               0.0000               0.0000               0.0000               0.0000
[Row   3]               0.0000               0.0000               1.0000               0.0000               0.0000               0.0000               0.0000
[Row   4]               0.0000               0.0000               0.0000               1.0000               0.0000               0.0000               0.0000
[Row   5]               0.0000               0.0000               0.0000               0.0000               1.0000               0.0000               0.0000
[Row   6]               0.0000               0.0000               0.0000               0.0000               0.0000               1.0000               0.0000
[Row   7]               0.0000               0.0000               0.0000               0.0000               0.0000               0.0000               1.0000
N_functions in (iatom,l):( 0 0 ) block =  2
===== iatom,lblock eigvals ===== 0 0 
 [2.        1.9409307]
===== iatom,lblock eigvecs ===== 0 0 
 [[-0.98015988  0.32407641]
 [-0.07048734 -1.02993711]]
N_functions in (iatom,l):( 0 1 ) block =  3
eigvecs before 
 [[0. 0. 1.]
 [0. 1. 0.]
 [1. 0. 0.]]
mlMap 
 [[0. 0. 1.]
 [0. 1. 0.]
 [1. 0. 0.]]
eigvecs after 
 [[1. 0. 0.]
 [0. 1. 0.]
 [0. 0. 1.]]
===== iatom,lblock eigvals ===== 0 1 
 [1.78428803 1.51581642 0.        ]
===== iatom,lblock eigvecs ===== 0 1 
 [[1. 0. 0.]
 [0. 1. 0.]
 [0. 0. 1.]]
N_functions in (iatom,l):( 1 0 ) block =  1
===== iatom,lblock eigvals ===== 1 0 
 [1.64704547]
===== iatom,lblock eigvecs ===== 1 0 
 [[1.]]
N_functions in (iatom,l):( 2 0 ) block =  1
===== iatom,lblock eigvals ===== 2 0 
 [1.64704547]
===== iatom,lblock eigvecs ===== 2 0 
 [[1.]]
N_functions in (iatom,l):( 0 0 ) block =  2
===== iatom,lblock eigvals ===== 0 0 
 [2.        1.9409307]
===== iatom,lblock eigvecs ===== 0 0 
 [[-0.98015988  0.32407641]
 [-0.07048734 -1.02993711]]
N_functions in (iatom,l):( 0 1 ) block =  3
eigvecs before 
 [[0. 0. 1.]
 [0. 1. 0.]
 [1. 0. 0.]]
mlMap 
 [[0. 0. 1.]
 [0. 1. 0.]
 [1. 0. 0.]]
eigvecs after 
 [[1. 0. 0.]
 [0. 1. 0.]
 [0. 0. 1.]]
===== iatom,lblock eigvals ===== 0 1 
 [1.78428803 1.51581642 0.        ]
===== iatom,lblock eigvecs ===== 0 1 
 [[1. 0. 0.]
 [0. 1. 0.]
 [0. 0. 1.]]
N_functions in (iatom,l):( 1 0 ) block =  1
===== iatom,lblock eigvals ===== 1 0 
 [1.64704547]
===== iatom,lblock eigvecs ===== 1 0 
 [[1.]]
N_functions in (iatom,l):( 2 0 ) block =  1
===== iatom,lblock eigvals ===== 2 0 
 [1.64704547]
===== iatom,lblock eigvecs ===== 2 0 
 [[1.]]
eigvalP_aoao 
 [2.         1.9409307  1.78428803 1.51581642 0.         1.64704547
 1.64704547]
eigvalP_avav 
 [2.         1.9409307  1.78428803 1.51581642 0.         1.64704547
 1.64704547]
===== eigvecP_aoao =====

                  [Col  1]              [Col  2]              [Col  3]              [Col  4]              [Col  5]              [Col  6]              [Col  7]
[Row   1]              -0.9802               0.3241               0.0000               0.0000               0.0000               0.0000               0.0000
[Row   2]              -0.0705              -1.0299               0.0000               0.0000               0.0000               0.0000               0.0000
[Row   3]               0.0000               0.0000               1.0000               0.0000               0.0000               0.0000               0.0000
[Row   4]               0.0000               0.0000               0.0000               1.0000               0.0000               0.0000               0.0000
[Row   5]               0.0000               0.0000               0.0000               0.0000               1.0000               0.0000               0.0000
[Row   6]               0.0000               0.0000               0.0000               0.0000               0.0000               1.0000               0.0000
[Row   7]               0.0000               0.0000               0.0000               0.0000               0.0000               0.0000               1.0000
===== eigvecP_avav =====

                  [Col  1]              [Col  2]              [Col  3]              [Col  4]              [Col  5]              [Col  6]              [Col  7]
[Row   1]              -0.9802               0.3241               0.0000               0.0000               0.0000               0.0000               0.0000
[Row   2]              -0.0705              -1.0299               0.0000               0.0000               0.0000               0.0000               0.0000
[Row   3]               0.0000               0.0000               1.0000               0.0000               0.0000               0.0000               0.0000
[Row   4]               0.0000               0.0000               0.0000               1.0000               0.0000               0.0000               0.0000
[Row   5]               0.0000               0.0000               0.0000               0.0000               1.0000               0.0000               0.0000
[Row   6]               0.0000               0.0000               0.0000               0.0000               0.0000               1.0000               0.0000
[Row   7]               0.0000               0.0000               0.0000               0.0000               0.0000               0.0000               1.0000
===== T1 =====

                  [Col  1]              [Col  2]              [Col  3]              [Col  4]              [Col  5]              [Col  6]              [Col  7]
[Row   1]               1.0000               0.0000               0.0000               0.0000               0.0000               0.0000               0.0000
[Row   2]               0.0000               1.0000               0.0000               0.0000               0.0000               0.0000               0.0000
[Row   3]               0.0000               0.0000               1.0000               0.0000               0.0000               0.0000               0.0000
[Row   4]               0.0000               0.0000               0.0000               1.0000               0.0000               0.0000               0.0000
[Row   5]               0.0000               0.0000               0.0000               0.0000               1.0000               0.0000               0.0000
[Row   6]               0.0000               0.0000               0.0000               0.0000               0.0000               1.0000               0.0000
[Row   7]               0.0000               0.0000               0.0000               0.0000               0.0000               0.0000               1.0000
===== invT1*T1 =====

                  [Col  1]              [Col  2]              [Col  3]              [Col  4]              [Col  5]              [Col  6]              [Col  7]
[Row   1]               1.0000               0.0000               0.0000               0.0000               0.0000               0.0000               0.0000
[Row   2]               0.0000               1.0000               0.0000               0.0000               0.0000               0.0000               0.0000
[Row   3]               0.0000               0.0000               1.0000               0.0000               0.0000               0.0000               0.0000
[Row   4]               0.0000               0.0000               0.0000               1.0000               0.0000               0.0000               0.0000
[Row   5]               0.0000               0.0000               0.0000               0.0000               1.0000               0.0000               0.0000
[Row   6]               0.0000               0.0000               0.0000               0.0000               0.0000               1.0000               0.0000
[Row   7]               0.0000               0.0000               0.0000               0.0000               0.0000               0.0000               1.0000
===== Trial P_aoao -> P_avav =====

                  [Col  1]              [Col  2]              [Col  3]              [Col  4]              [Col  5]              [Col  6]              [Col  7]
[Row   1]               1.9997               0.5006               0.0000               0.0000              -0.0077               0.1119               0.1119
[Row   2]               0.5006               1.9468               0.0000               0.0000               0.1072               1.0608               1.0608
[Row   3]               0.0000               0.0000               0.0000               0.0000               0.0000               0.0000               0.0000
[Row   4]               0.0000               0.0000               0.0000               1.5158               0.0000               0.9959              -0.9959
[Row   5]              -0.0077               0.1072               0.0000               0.0000               1.7843              -0.7827              -0.7827
[Row   6]               0.1119               1.0608               0.0000               0.9959              -0.7827               1.6470               0.3384
[Row   7]               0.1119               1.0608               0.0000              -0.9959              -0.7827               0.3384               1.6470
===== P_avav =====

                  [Col  1]              [Col  2]              [Col  3]              [Col  4]              [Col  5]              [Col  6]              [Col  7]
[Row   1]               1.9997               0.5006               0.0000               0.0000              -0.0077               0.1119               0.1119
[Row   2]               0.5006               1.9468               0.0000               0.0000               0.1072               1.0608               1.0608
[Row   3]               0.0000               0.0000               0.0000               0.0000               0.0000               0.0000               0.0000
[Row   4]               0.0000               0.0000               0.0000               1.5158               0.0000               0.9959              -0.9959
[Row   5]              -0.0077               0.1072               0.0000               0.0000               1.7843              -0.7827              -0.7827
[Row   6]               0.1119               1.0608               0.0000               0.9959              -0.7827               1.6470               0.3384
[Row   7]               0.1119               1.0608               0.0000              -0.9959              -0.7827               0.3384               1.6470
===== Trial S_aoao -> S_avav =====

                  [Col  1]              [Col  2]              [Col  3]              [Col  4]              [Col  5]              [Col  6]              [Col  7]
[Row   1]               1.0000               0.2484               0.0000               0.0000               0.0000               0.0596               0.0596
[Row   2]               0.2484               1.0000               0.0000               0.0000               0.0000               0.4799               0.4799
[Row   3]               0.0000               0.0000               1.0000               0.0000               0.0000               0.0000               0.0000
[Row   4]               0.0000               0.0000               0.0000               1.0000               0.0000               0.3582              -0.3582
[Row   5]               0.0000               0.0000               0.0000               0.0000               1.0000              -0.2897              -0.2897
[Row   6]               0.0596               0.4799               0.0000               0.3582              -0.2897               1.0000               0.1843
[Row   7]               0.0596               0.4799               0.0000              -0.3582              -0.2897               0.1843               1.0000
===== S_avav =====

                  [Col  1]              [Col  2]              [Col  3]              [Col  4]              [Col  5]              [Col  6]              [Col  7]
[Row   1]               1.0000               0.2484               0.0000               0.0000               0.0000               0.0596               0.0596
[Row   2]               0.2484               1.0000               0.0000               0.0000               0.0000               0.4799               0.4799
[Row   3]               0.0000               0.0000               1.0000               0.0000               0.0000               0.0000               0.0000
[Row   4]               0.0000               0.0000               0.0000               1.0000               0.0000               0.3582              -0.3582
[Row   5]               0.0000               0.0000               0.0000               0.0000               1.0000              -0.2897              -0.2897
[Row   6]               0.0596               0.4799               0.0000               0.3582              -0.2897               1.0000               0.1843
[Row   7]               0.0596               0.4799               0.0000              -0.3582              -0.2897               0.1843               1.0000
===== Spnao =====

                  [Col  1]              [Col  2]              [Col  3]              [Col  4]              [Col  5]              [Col  6]              [Col  7]
[Row   1]               1.0000               0.0000               0.0000               0.0000               0.0000              -0.0922              -0.0922
[Row   2]               0.0000               1.0000               0.0000               0.0000               0.0000              -0.4750              -0.4750
[Row   3]               0.0000               0.0000               1.0000               0.0000               0.0000               0.0000               0.0000
[Row   4]               0.0000               0.0000               0.0000               1.0000               0.0000               0.3582              -0.3582
[Row   5]               0.0000               0.0000               0.0000               0.0000               1.0000              -0.2897              -0.2897
[Row   6]              -0.0922              -0.4750               0.0000               0.3582              -0.2897               1.0000               0.1843
[Row   7]              -0.0922              -0.4750               0.0000              -0.3582              -0.2897               0.1843               1.0000
===== Ppnao =====

                  [Col  1]              [Col  2]              [Col  3]              [Col  4]              [Col  5]              [Col  6]              [Col  7]
[Row   1]               2.0000              -0.0000               0.0000               0.0000              -0.0000              -0.1845              -0.1845
[Row   2]               0.0000               1.9409               0.0000               0.0000              -0.1129              -1.0563              -1.0563
[Row   3]               0.0000               0.0000               0.0000               0.0000               0.0000               0.0000               0.0000
[Row   4]               0.0000               0.0000               0.0000               1.5158               0.0000               0.9959              -0.9959
[Row   5]              -0.0000              -0.1129               0.0000               0.0000               1.7843              -0.7827              -0.7827
[Row   6]              -0.1845              -1.0563               0.0000               0.9959              -0.7827               1.6470               0.3384
[Row   7]              -0.1845              -1.0563               0.0000              -0.9959              -0.7827               0.3384               1.6470
