molecule mol13.xyz
System:, atNum: 14 coords [0.         0.         0.24806813]
System:, atNum: 1 coords [ 0.          2.0729124  -1.73647879]
System:, atNum: 1 coords [ 0.         -2.0729124  -1.73647879]
===== Original AO-S matrix =====

                  [Col  1]              [Col  2]              [Col  3]              [Col  4]              [Col  5]              [Col  6]              [Col  7]              [Col  8]              [Col  9]              [Col 10]
[Row   1]               1.0000               0.3142               0.0000               0.0000               0.0000               0.0136               0.0000               0.0000               0.0000               0.0062
[Row   2]               0.3142               1.0000               0.0000               0.0000               0.0000               0.2542               0.0000               0.0000               0.0000               0.0538
[Row   3]               0.0000               0.0000               1.0000               0.0000               0.0000              -0.0000               0.2685               0.0000               0.0000              -0.0207
[Row   4]               0.0000               0.0000               0.0000               1.0000               0.0000               0.0000               0.0000               0.2685               0.0000               0.0000
[Row   5]               0.0000               0.0000               0.0000               0.0000               1.0000               0.0000               0.0000               0.0000               0.2685               0.0216
[Row   6]               0.0136               0.2542              -0.0000               0.0000               0.0000               1.0000              -0.0000               0.0000               0.0000               0.3673
[Row   7]               0.0000               0.0000               0.2685               0.0000               0.0000              -0.0000               1.0000               0.0000               0.0000              -0.3020
[Row   8]               0.0000               0.0000               0.0000               0.2685               0.0000               0.0000               0.0000               1.0000               0.0000               0.0000
[Row   9]               0.0000               0.0000               0.0000               0.0000               0.2685               0.0000               0.0000               0.0000               1.0000               0.3155
[Row  10]               0.0062               0.0538              -0.0207               0.0000               0.0216               0.3673              -0.3020               0.0000               0.3155               1.0000
[Row  11]               0.0062               0.0538              -0.0207               0.0000              -0.0216               0.3673              -0.3020               0.0000              -0.3155               0.0860
                  [Col 11]
[Row   1]               0.0062
[Row   2]               0.0538
[Row   3]              -0.0207
[Row   4]               0.0000
[Row   5]              -0.0216
[Row   6]               0.3673
[Row   7]              -0.3020
[Row   8]               0.0000
[Row   9]              -0.3155
[Row  10]               0.0860
[Row  11]               1.0000
nbas 11
 ===== CA ===== 

                  [Col  1]              [Col  2]              [Col  3]              [Col  4]              [Col  5]              [Col  6]              [Col  7]              [Col  8]              [Col  9]              [Col 10]
[Row   1]               0.9940               0.3439               0.0000              -0.0000               0.0071               0.0719              -0.0000               0.0520               0.0000               0.0000
[Row   2]               0.0188              -1.0387              -0.0000               0.0000              -0.0218              -0.2628               0.0000              -0.1770              -0.0000              -0.0000
[Row   3]              -0.0003               0.0166              -0.0000               0.0000              -0.9768               0.0635               0.0000              -0.2348              -0.0000               0.0000
[Row   4]              -0.0000               0.0000               0.9773              -0.0000              -0.0000              -0.0000               0.0000              -0.0000               0.3500               0.0000
[Row   5]               0.0000               0.0000               0.0000               0.9765               0.0000               0.0000               0.1888               0.0000              -0.0000               0.3188
[Row   6]              -0.0032              -0.0520               0.0000              -0.0000               0.0129               0.6878              -0.0000               0.6941               0.0000               0.0000
[Row   7]               0.0005               0.0086              -0.0000               0.0000              -0.0789              -0.1236              -0.0000               0.6435               0.0000              -0.0000
[Row   8]               0.0000               0.0000               0.0748              -0.0000              -0.0000               0.0000               0.0000               0.0000              -1.0354              -0.0000
[Row   9]               0.0000               0.0000               0.0000               0.0804               0.0000              -0.0000              -0.4555              -0.0000               0.0000              -1.0859
[Row  10]               0.0008               0.0096              -0.0000              -0.0134              -0.0144               0.3060              -0.5274              -0.3309              -0.0000               0.6553
[Row  11]               0.0008               0.0096              -0.0000               0.0134              -0.0144               0.3060               0.5274              -0.3309              -0.0000              -0.6553
                  [Col 11]
[Row   1]               0.0447
[Row   2]              -0.1396
[Row   3]               0.2787
[Row   4]              -0.0000
[Row   5]              -0.0000
[Row   6]               0.7611
[Row   7]              -0.9850
[Row   8]               0.0000
[Row   9]               0.0000
[Row  10]              -0.7748
[Row  11]              -0.7748
 ===== CB ===== 

                  [Col  1]              [Col  2]              [Col  3]              [Col  4]              [Col  5]              [Col  6]              [Col  7]              [Col  8]              [Col  9]              [Col 10]
[Row   1]               0.9940               0.3439               0.0000              -0.0000               0.0071               0.0719              -0.0000               0.0520               0.0000               0.0000
[Row   2]               0.0188              -1.0387              -0.0000               0.0000              -0.0218              -0.2628               0.0000              -0.1770              -0.0000              -0.0000
[Row   3]              -0.0003               0.0166              -0.0000               0.0000              -0.9768               0.0635               0.0000              -0.2348              -0.0000               0.0000
[Row   4]              -0.0000               0.0000               0.9773              -0.0000              -0.0000              -0.0000               0.0000              -0.0000               0.3500               0.0000
[Row   5]               0.0000               0.0000               0.0000               0.9765               0.0000               0.0000               0.1888               0.0000              -0.0000               0.3188
[Row   6]              -0.0032              -0.0520               0.0000              -0.0000               0.0129               0.6878              -0.0000               0.6941               0.0000               0.0000
[Row   7]               0.0005               0.0086              -0.0000               0.0000              -0.0789              -0.1236              -0.0000               0.6435               0.0000              -0.0000
[Row   8]               0.0000               0.0000               0.0748              -0.0000              -0.0000               0.0000               0.0000               0.0000              -1.0354              -0.0000
[Row   9]               0.0000               0.0000               0.0000               0.0804               0.0000              -0.0000              -0.4555              -0.0000               0.0000              -1.0859
[Row  10]               0.0008               0.0096              -0.0000              -0.0134              -0.0144               0.3060              -0.5274              -0.3309              -0.0000               0.6553
[Row  11]               0.0008               0.0096              -0.0000               0.0134              -0.0144               0.3060               0.5274              -0.3309              -0.0000              -0.6553
                  [Col 11]
[Row   1]               0.0447
[Row   2]              -0.1396
[Row   3]               0.2787
[Row   4]              -0.0000
[Row   5]              -0.0000
[Row   6]               0.7611
[Row   7]              -0.9850
[Row   8]               0.0000
[Row   9]               0.0000
[Row  10]              -0.7748
[Row  11]              -0.7748
 ===== P_psi ===== Dalpha+Dbeta 

                  [Col  1]              [Col  2]              [Col  3]              [Col  4]              [Col  5]              [Col  6]              [Col  7]              [Col  8]              [Col  9]              [Col 10]
[Row   1]               2.2284              -0.7336              -0.0182              -0.0000              -0.0000               0.1293               0.0550               0.0000               0.0000               0.0176
[Row   2]              -0.7336               2.3601               0.0579               0.0000              -0.0000              -0.4998              -0.1771              -0.0000               0.0000              -0.0631
[Row   3]              -0.0182               0.0579               2.0273              -0.0000              -0.0000              -0.2655              -0.1634               0.0000               0.0000               0.2226
[Row   4]              -0.0000               0.0000              -0.0000               1.9104               0.0000              -0.0000              -0.0000               0.1461               0.0000               0.0000
[Row   5]              -0.0000              -0.0000              -0.0000               0.0000               1.9784               0.0000               0.0000              -0.0000              -0.0150              -0.2253
[Row   6]               0.1293              -0.4998              -0.2655              -0.0000               0.0000               1.9155               0.7203               0.0000              -0.0000              -0.0398
[Row   7]               0.0550              -0.1771              -0.1634              -0.0000               0.0000               0.7203               0.8713               0.0000              -0.0000              -0.4991
[Row   8]               0.0000              -0.0000               0.0000               0.1461              -0.0000               0.0000               0.0000               0.0112              -0.0000              -0.0000
[Row   9]               0.0000               0.0000               0.0000               0.0000              -0.0150              -0.0000              -0.0000              -0.0000               0.4279               0.4783
[Row  10]               0.0176              -0.0631               0.2226               0.0000              -0.2253              -0.0398              -0.4991              -0.0000               0.4783               0.9637
[Row  11]               0.0176              -0.0631               0.2226               0.0000               0.2253              -0.0398              -0.4991              -0.0000              -0.4783              -0.1498
                  [Col 11]
[Row   1]               0.0176
[Row   2]              -0.0631
[Row   3]               0.2226
[Row   4]               0.0000
[Row   5]               0.2253
[Row   6]              -0.0398
[Row   7]              -0.4991
[Row   8]              -0.0000
[Row   9]              -0.4783
[Row  10]              -0.1498
[Row  11]               0.9637
===== P_mu,nu local =====

                  [Col  1]              [Col  2]              [Col  3]              [Col  4]              [Col  5]              [Col  6]              [Col  7]              [Col  8]              [Col  9]              [Col 10]
[Row   1]               2.2284              -0.7336              -0.0182              -0.0000              -0.0000               0.1293               0.0550               0.0000               0.0000               0.0176
[Row   2]              -0.7336               2.3601               0.0579               0.0000              -0.0000              -0.4998              -0.1771              -0.0000               0.0000              -0.0631
[Row   3]              -0.0182               0.0579               2.0273              -0.0000              -0.0000              -0.2655              -0.1634               0.0000               0.0000               0.2226
[Row   4]              -0.0000               0.0000              -0.0000               1.9104               0.0000              -0.0000              -0.0000               0.1461               0.0000               0.0000
[Row   5]              -0.0000              -0.0000              -0.0000               0.0000               1.9784               0.0000               0.0000              -0.0000              -0.0150              -0.2253
[Row   6]               0.1293              -0.4998              -0.2655              -0.0000               0.0000               1.9155               0.7203               0.0000              -0.0000              -0.0398
[Row   7]               0.0550              -0.1771              -0.1634              -0.0000               0.0000               0.7203               0.8713               0.0000              -0.0000              -0.4991
[Row   8]               0.0000              -0.0000               0.0000               0.1461              -0.0000               0.0000               0.0000               0.0112              -0.0000              -0.0000
[Row   9]               0.0000               0.0000               0.0000               0.0000              -0.0150              -0.0000              -0.0000              -0.0000               0.4279               0.4783
[Row  10]               0.0176              -0.0631               0.2226               0.0000              -0.2253              -0.0398              -0.4991              -0.0000               0.4783               0.9637
[Row  11]               0.0176              -0.0631               0.2226               0.0000               0.2253              -0.0398              -0.4991              -0.0000              -0.4783              -0.1498
                  [Col 11]
[Row   1]               0.0176
[Row   2]              -0.0631
[Row   3]               0.2226
[Row   4]               0.0000
[Row   5]               0.2253
[Row   6]              -0.0398
[Row   7]              -0.4991
[Row   8]              -0.0000
[Row   9]              -0.4783
[Row  10]              -0.1498
[Row  11]               0.9637
===== P_mu,nu psi4 =====

                  [Col  1]              [Col  2]              [Col  3]              [Col  4]              [Col  5]              [Col  6]              [Col  7]              [Col  8]              [Col  9]              [Col 10]
[Row   1]               2.2284              -0.7336              -0.0182              -0.0000              -0.0000               0.1293               0.0550               0.0000               0.0000               0.0176
[Row   2]              -0.7336               2.3601               0.0579               0.0000              -0.0000              -0.4998              -0.1771              -0.0000               0.0000              -0.0631
[Row   3]              -0.0182               0.0579               2.0273              -0.0000              -0.0000              -0.2655              -0.1634               0.0000               0.0000               0.2226
[Row   4]              -0.0000               0.0000              -0.0000               1.9104               0.0000              -0.0000              -0.0000               0.1461               0.0000               0.0000
[Row   5]              -0.0000              -0.0000              -0.0000               0.0000               1.9784               0.0000               0.0000              -0.0000              -0.0150              -0.2253
[Row   6]               0.1293              -0.4998              -0.2655              -0.0000               0.0000               1.9155               0.7203               0.0000              -0.0000              -0.0398
[Row   7]               0.0550              -0.1771              -0.1634              -0.0000               0.0000               0.7203               0.8713               0.0000              -0.0000              -0.4991
[Row   8]               0.0000              -0.0000               0.0000               0.1461              -0.0000               0.0000               0.0000               0.0112              -0.0000              -0.0000
[Row   9]               0.0000               0.0000               0.0000               0.0000              -0.0150              -0.0000              -0.0000              -0.0000               0.4279               0.4783
[Row  10]               0.0176              -0.0631               0.2226               0.0000              -0.2253              -0.0398              -0.4991              -0.0000               0.4783               0.9637
[Row  11]               0.0176              -0.0631               0.2226               0.0000               0.2253              -0.0398              -0.4991              -0.0000              -0.4783              -0.1498
                  [Col 11]
[Row   1]               0.0176
[Row   2]              -0.0631
[Row   3]               0.2226
[Row   4]               0.0000
[Row   5]               0.2253
[Row   6]              -0.0398
[Row   7]              -0.4991
[Row   8]              -0.0000
[Row   9]              -0.4783
[Row  10]              -0.1498
[Row  11]               0.9637
====== P^(AO) = SPS =====

                  [Col  1]              [Col  2]              [Col  3]              [Col  4]              [Col  5]              [Col  6]              [Col  7]              [Col  8]              [Col  9]              [Col 10]
[Row   1]               2.0000               0.6285              -0.0001               0.0000               0.0000               0.0267               0.0013               0.0000               0.0000               0.0133
[Row   2]               0.6285               1.9995               0.0014               0.0000               0.0000               0.5133              -0.0136               0.0000               0.0000               0.0990
[Row   3]              -0.0001               0.0014               1.9957               0.0000               0.0000              -0.0145               0.5780               0.0000               0.0000              -0.0157
[Row   4]               0.0000               0.0000               0.0000               1.9896               0.0000               0.0000               0.0000               0.6726               0.0000               0.0000
[Row   5]               0.0000               0.0000               0.0000               0.0000               1.9938               0.0000               0.0000               0.0000               0.6022               0.0140
[Row   6]               0.0267               0.5133              -0.0145               0.0000               0.0000               1.9507               0.1389               0.0000               0.0000               0.8217
[Row   7]               0.0013              -0.0136               0.5780               0.0000               0.0000               0.1389               1.6089               0.0000               0.0000              -0.8494
[Row   8]               0.0000               0.0000               0.0000               0.6726               0.0000               0.0000               0.0000               0.2274               0.0000               0.0000
[Row   9]               0.0000               0.0000               0.0000               0.0000               0.6022               0.0000               0.0000               0.0000               1.3114               0.9400
[Row  10]               0.0133               0.0990              -0.0157               0.0000               0.0140               0.8217              -0.8494               0.0000               0.9400               1.7075
[Row  11]               0.0133               0.0990              -0.0157               0.0000              -0.0140               0.8217              -0.8494               0.0000              -0.9400               0.1568
                  [Col 11]
[Row   1]               0.0133
[Row   2]               0.0990
[Row   3]              -0.0157
[Row   4]               0.0000
[Row   5]              -0.0140
[Row   6]               0.8217
[Row   7]              -0.8494
[Row   8]               0.0000
[Row   9]              -0.9400
[Row  10]               0.1568
[Row  11]               1.7075
====== S^(AO) = S =====

                  [Col  1]              [Col  2]              [Col  3]              [Col  4]              [Col  5]              [Col  6]              [Col  7]              [Col  8]              [Col  9]              [Col 10]
[Row   1]               1.0000               0.3142               0.0000               0.0000               0.0000               0.0136               0.0000               0.0000               0.0000               0.0062
[Row   2]               0.3142               1.0000               0.0000               0.0000               0.0000               0.2542               0.0000               0.0000               0.0000               0.0538
[Row   3]               0.0000               0.0000               1.0000               0.0000               0.0000               0.0000               0.2685               0.0000               0.0000              -0.0207
[Row   4]               0.0000               0.0000               0.0000               1.0000               0.0000               0.0000               0.0000               0.2685               0.0000               0.0000
[Row   5]               0.0000               0.0000               0.0000               0.0000               1.0000               0.0000               0.0000               0.0000               0.2685               0.0216
[Row   6]               0.0136               0.2542               0.0000               0.0000               0.0000               1.0000               0.0000               0.0000               0.0000               0.3673
[Row   7]               0.0000               0.0000               0.2685               0.0000               0.0000               0.0000               1.0000               0.0000               0.0000              -0.3020
[Row   8]               0.0000               0.0000               0.0000               0.2685               0.0000               0.0000               0.0000               1.0000               0.0000               0.0000
[Row   9]               0.0000               0.0000               0.0000               0.0000               0.2685               0.0000               0.0000               0.0000               1.0000               0.3155
[Row  10]               0.0062               0.0538              -0.0207               0.0000               0.0216               0.3673              -0.3020               0.0000               0.3155               1.0000
[Row  11]               0.0062               0.0538              -0.0207               0.0000              -0.0216               0.3673              -0.3020               0.0000              -0.3155               0.0860
                  [Col 11]
[Row   1]               0.0062
[Row   2]               0.0538
[Row   3]              -0.0207
[Row   4]               0.0000
[Row   5]              -0.0216
[Row   6]               0.3673
[Row   7]              -0.3020
[Row   8]               0.0000
[Row   9]              -0.3155
[Row  10]               0.0860
[Row  11]               1.0000
====== P^(AO) std gaussian m_l ordering SPS =====

                  [Col  1]              [Col  2]              [Col  3]              [Col  4]              [Col  5]              [Col  6]              [Col  7]              [Col  8]              [Col  9]              [Col 10]
[Row   1]               2.0000               0.6285               0.0000               0.0000              -0.0001               0.0267               0.0000               0.0000               0.0013               0.0133
[Row   2]               0.6285               1.9995               0.0000               0.0000               0.0014               0.5133               0.0000               0.0000              -0.0136               0.0990
[Row   3]               0.0000               0.0000               1.9896               0.0000               0.0000               0.0000               0.6726               0.0000               0.0000               0.0000
[Row   4]               0.0000               0.0000               0.0000               1.9938               0.0000               0.0000               0.0000               0.6022               0.0000               0.0140
[Row   5]              -0.0001               0.0014               0.0000               0.0000               1.9957              -0.0145               0.0000               0.0000               0.5780              -0.0157
[Row   6]               0.0267               0.5133               0.0000               0.0000              -0.0145               1.9507               0.0000               0.0000               0.1389               0.8217
[Row   7]               0.0000               0.0000               0.6726               0.0000               0.0000               0.0000               0.2274               0.0000               0.0000               0.0000
[Row   8]               0.0000               0.0000               0.0000               0.6022               0.0000               0.0000               0.0000               1.3114               0.0000               0.9400
[Row   9]               0.0013              -0.0136               0.0000               0.0000               0.5780               0.1389               0.0000               0.0000               1.6089              -0.8494
[Row  10]               0.0133               0.0990               0.0000               0.0140              -0.0157               0.8217               0.0000               0.9400              -0.8494               1.7075
[Row  11]               0.0133               0.0990               0.0000              -0.0140              -0.0157               0.8217               0.0000              -0.9400              -0.8494               0.1568
                  [Col 11]
[Row   1]               0.0133
[Row   2]               0.0990
[Row   3]               0.0000
[Row   4]              -0.0140
[Row   5]              -0.0157
[Row   6]               0.8217
[Row   7]               0.0000
[Row   8]              -0.9400
[Row   9]              -0.8494
[Row  10]               0.1568
[Row  11]               1.7075
====== S^(AO) std gaussian m_l ordering =====

                  [Col  1]              [Col  2]              [Col  3]              [Col  4]              [Col  5]              [Col  6]              [Col  7]              [Col  8]              [Col  9]              [Col 10]
[Row   1]               1.0000               0.3142               0.0000               0.0000               0.0000               0.0136               0.0000               0.0000               0.0000               0.0062
[Row   2]               0.3142               1.0000               0.0000               0.0000               0.0000               0.2542               0.0000               0.0000               0.0000               0.0538
[Row   3]               0.0000               0.0000               1.0000               0.0000               0.0000               0.0000               0.2685               0.0000               0.0000               0.0000
[Row   4]               0.0000               0.0000               0.0000               1.0000               0.0000               0.0000               0.0000               0.2685               0.0000               0.0216
[Row   5]               0.0000               0.0000               0.0000               0.0000               1.0000               0.0000               0.0000               0.0000               0.2685              -0.0207
[Row   6]               0.0136               0.2542               0.0000               0.0000               0.0000               1.0000               0.0000               0.0000               0.0000               0.3673
[Row   7]               0.0000               0.0000               0.2685               0.0000               0.0000               0.0000               1.0000               0.0000               0.0000               0.0000
[Row   8]               0.0000               0.0000               0.0000               0.2685               0.0000               0.0000               0.0000               1.0000               0.0000               0.3155
[Row   9]               0.0000               0.0000               0.0000               0.0000               0.2685               0.0000               0.0000               0.0000               1.0000              -0.3020
[Row  10]               0.0062               0.0538               0.0000               0.0216              -0.0207               0.3673               0.0000               0.3155              -0.3020               1.0000
[Row  11]               0.0062               0.0538               0.0000              -0.0216              -0.0207               0.3673               0.0000              -0.3155              -0.3020               0.0860
                  [Col 11]
[Row   1]               0.0062
[Row   2]               0.0538
[Row   3]               0.0000
[Row   4]              -0.0216
[Row   5]              -0.0207
[Row   6]               0.3673
[Row   7]               0.0000
[Row   8]              -0.3155
[Row   9]              -0.3020
[Row  10]               0.0860
[Row  11]               1.0000
===== After load P check zeros ===== 
 [[ 1.99999551e+00  6.28511811e-01  0.00000000e+00  0.00000000e+00
  -1.38733568e-04  2.66959435e-02  0.00000000e+00  0.00000000e+00
   1.32545608e-03  1.32617876e-02  1.32617876e-02]
 [ 6.28511811e-01  1.99952445e+00  0.00000000e+00  0.00000000e+00
   1.42735418e-03  5.13292019e-01  0.00000000e+00  0.00000000e+00
  -1.36368962e-02  9.89605400e-02  9.89605400e-02]
 [ 0.00000000e+00  0.00000000e+00  1.98963058e+00  0.00000000e+00
   0.00000000e+00  0.00000000e+00  6.72608745e-01  0.00000000e+00
   0.00000000e+00  0.00000000e+00  0.00000000e+00]
 [ 0.00000000e+00  0.00000000e+00  0.00000000e+00  1.99382996e+00
   0.00000000e+00  0.00000000e+00  0.00000000e+00  6.02215911e-01
   0.00000000e+00  1.40102291e-02 -1.40102291e-02]
 [-1.38733568e-04  1.42735418e-03  0.00000000e+00  0.00000000e+00
   1.99571583e+00 -1.45357591e-02  0.00000000e+00  0.00000000e+00
   5.77962935e-01 -1.57418188e-02 -1.57418188e-02]
 [ 2.66959435e-02  5.13292019e-01  0.00000000e+00  0.00000000e+00
  -1.45357591e-02  1.95068167e+00  0.00000000e+00  0.00000000e+00
   1.38874178e-01  8.21690462e-01  8.21690462e-01]
 [ 0.00000000e+00  0.00000000e+00  6.72608745e-01  0.00000000e+00
   0.00000000e+00  0.00000000e+00  2.27380162e-01  0.00000000e+00
   0.00000000e+00  0.00000000e+00  0.00000000e+00]
 [ 0.00000000e+00  0.00000000e+00  0.00000000e+00  6.02215911e-01
   0.00000000e+00  0.00000000e+00  0.00000000e+00  1.31136081e+00
   0.00000000e+00  9.39973237e-01 -9.39973237e-01]
 [ 1.32545608e-03 -1.36368962e-02  0.00000000e+00  0.00000000e+00
   5.77962935e-01  1.38874178e-01  0.00000000e+00  0.00000000e+00
   1.60894791e+00 -8.49353256e-01 -8.49353256e-01]
 [ 1.32617876e-02  9.89605400e-02  0.00000000e+00  1.40102291e-02
  -1.57418188e-02  8.21690462e-01  0.00000000e+00  9.39973237e-01
  -8.49353256e-01  1.70746107e+00  1.56777426e-01]
 [ 1.32617876e-02  9.89605400e-02  0.00000000e+00 -1.40102291e-02
  -1.57418188e-02  8.21690462e-01  0.00000000e+00 -9.39973237e-01
  -8.49353256e-01  1.56777426e-01  1.70746107e+00]]
lctrl 0 ntrue 3
lctrl 1 ntrue 6
lctrl 1
===== cA before average ===== 
 [[1.98963058 0.         0.         0.67260875 0.         0.        ]
 [0.         1.99382996 0.         0.         0.60221591 0.        ]
 [0.         0.         1.99571583 0.         0.         0.57796294]
 [0.67260875 0.         0.         0.22738016 0.         0.        ]
 [0.         0.60221591 0.         0.         1.31136081 0.        ]
 [0.         0.         0.57796294 0.         0.         1.60894791]]
===== cB before average ===== 
 [[1.         0.         0.         0.26851604 0.         0.        ]
 [0.         1.         0.         0.         0.26851604 0.        ]
 [0.         0.         1.         0.         0.         0.26851604]
 [0.26851604 0.         0.         1.         0.         0.        ]
 [0.         0.26851604 0.         0.         1.         0.        ]
 [0.         0.         0.26851604 0.         0.         1.        ]]
===== cA after average ===== 
 [[1.98963058 0.         0.         0.67260875 0.         0.        ]
 [0.         1.99382996 0.         0.         0.60221591 0.        ]
 [0.         0.         1.99571583 0.         0.         0.57796294]
 [0.67260875 0.         0.         0.22738016 0.         0.        ]
 [0.         0.60221591 0.         0.         1.31136081 0.        ]
 [0.         0.         0.57796294 0.         0.         1.60894791]]
===== cB after average ===== 
 [[1.         0.         0.         0.26851604 0.         0.        ]
 [0.         1.         0.         0.         0.26851604 0.        ]
 [0.         0.         1.         0.         0.         0.26851604]
 [0.26851604 0.         0.         1.         0.         0.        ]
 [0.         0.26851604 0.         0.         1.         0.        ]
 [0.         0.         0.26851604 0.         0.         1.        ]]
lctrl 0 ntrue 1
lctrl 0 ntrue 1
N_functions in (iatom,l):( 0 0 ) block =  3
===== iatom,lblock eigvals ===== 0 0 
 [2.         2.         1.94343001]
===== iatom,lblock eigvecs ===== 0 0 
 [[ 0.70636553 -0.77624881 -0.11773837]
 [-0.92665456 -0.42511486  0.39091347]
 [-0.09773558 -0.03433585 -1.03148863]]
N_functions in (iatom,l):( 0 1 ) block =  6
eigvecs before 
 [[ 5.00517947e-18  1.14895226e-16 -9.77332677e-01  6.38420220e-33
   2.30400894e-17 -3.50034541e-01]
 [ 4.67278251e-02  9.70256122e-01  5.70959683e-17  6.81579150e-17
   3.66227948e-01  1.14191937e-16]
 [-9.66898673e-01  4.65661293e-02  1.41047100e-33 -3.75022525e-01
   5.38839267e-16  2.82094201e-33]
 [-1.29430405e-17 -3.48940525e-16 -7.47500976e-02 -2.55251711e-32
  -5.61232065e-17  1.03543023e+00]
 [ 4.42306905e-03  9.18405642e-02 -7.80898327e-18 -2.90884764e-16
  -1.03404501e+00 -1.56179665e-17]
 [-1.01203884e-01  4.87400931e-03  5.01798264e-33  1.03316860e+00
  -1.77219993e-16  1.00359653e-32]]
mlMap 
 [[ 2.97139882e-18  4.79154901e-02 -9.94073539e-01 -4.02386334e-18
   1.69702396e-02 -3.60831686e-01]
 [ 6.16980972e-17  9.94916786e-01  4.78748790e-02 -8.35514607e-17
   3.52369895e-01  1.73777619e-02]
 [-9.97404277e-01 -2.65369323e-18 -7.70767917e-19 -3.37179597e-01
  -4.86297994e-18 -2.79775566e-19]
 [ 3.26788681e-33 -6.11732606e-17 -9.76001837e-02 -4.42536688e-33
  -2.32336429e-16  9.32469039e-01]
 [ 1.41123590e-17  8.85702763e-02  7.43387219e-16 -1.91109331e-17
  -9.35706935e-01  5.35985881e-19]
 [-7.20049162e-02  3.40495604e-16  3.65214025e-18  9.41440343e-01
   6.78919727e-17  1.32566442e-18]]
eigvecs after 
 [[ 1.00000000e+00  4.62697395e-32  8.29062879e-34  6.07999876e-17
   4.58570539e-33  2.03076590e-34]
 [ 1.36559318e-33  1.00000000e+00  1.91121435e-18  1.19816041e-32
  -5.09397999e-17 -3.67992192e-18]
 [-5.41022801e-34 -1.97339251e-18  1.00000000e+00  4.33908852e-34
   1.08801932e-18  2.53818948e-17]
 [ 1.89518685e-18  8.57771437e-32 -7.19467164e-35  1.00000000e+00
   2.07619952e-32  8.25851199e-34]
 [ 2.95016407e-33  1.46253200e-17 -7.10115720e-20 -2.06449924e-33
   1.00000000e+00 -2.80381689e-19]
 [-8.10377021e-35 -9.90162997e-19 -2.48703159e-18  3.43868628e-35
  -1.04002062e-19  1.00000000e+00]]
===== iatom,lblock eigvals ===== 0 1 
 [ 2.00000000e+00  2.00000000e+00  2.00000000e+00  1.55025559e+00
  1.21347589e+00 -1.11022302e-16]
===== iatom,lblock eigvecs ===== 0 1 
 [[ 1.00000000e+00  4.62697395e-32  8.29062879e-34  6.07999876e-17
   4.58570539e-33  2.03076590e-34]
 [ 1.36559318e-33  1.00000000e+00  1.91121435e-18  1.19816041e-32
  -5.09397999e-17 -3.67992192e-18]
 [-5.41022801e-34 -1.97339251e-18  1.00000000e+00  4.33908852e-34
   1.08801932e-18  2.53818948e-17]
 [ 1.89518685e-18  8.57771437e-32 -7.19467164e-35  1.00000000e+00
   2.07619952e-32  8.25851199e-34]
 [ 2.95016407e-33  1.46253200e-17 -7.10115720e-20 -2.06449924e-33
   1.00000000e+00 -2.80381689e-19]
 [-8.10377021e-35 -9.90162997e-19 -2.48703159e-18  3.43868628e-35
  -1.04002062e-19  1.00000000e+00]]
N_functions in (iatom,l):( 1 0 ) block =  1
===== iatom,lblock eigvals ===== 1 0 
 [1.70746107]
===== iatom,lblock eigvecs ===== 1 0 
 [[1.]]
N_functions in (iatom,l):( 2 0 ) block =  1
===== iatom,lblock eigvals ===== 2 0 
 [1.70746107]
===== iatom,lblock eigvecs ===== 2 0 
 [[1.]]
===== W_pnao ===== 
 [ 2.00000000e+00  2.00000000e+00  2.00000000e+00  2.00000000e+00
  2.00000000e+00  1.94343001e+00  1.55025559e+00  1.21347589e+00
 -1.11022302e-16  1.70746107e+00  1.70746107e+00]
===== N_avpnao =====

                  [Col  1]              [Col  2]              [Col  3]              [Col  4]              [Col  5]              [Col  6]              [Col  7]              [Col  8]              [Col  9]              [Col 10]
[Row   1]               0.7064              -0.7762               0.0000               0.0000               0.0000              -0.1177               0.0000               0.0000               0.0000               0.0000
[Row   2]              -0.9267              -0.4251               0.0000               0.0000               0.0000               0.3909               0.0000               0.0000               0.0000               0.0000
[Row   3]               0.0000               0.0000               1.0000               0.0000               0.0000               0.0000               0.0000               0.0000               0.0000               0.0000
[Row   4]               0.0000               0.0000               0.0000               1.0000               0.0000               0.0000               0.0000              -0.0000              -0.0000               0.0000
[Row   5]               0.0000               0.0000              -0.0000              -0.0000               1.0000               0.0000               0.0000               0.0000               0.0000               0.0000
[Row   6]              -0.0977              -0.0343               0.0000               0.0000               0.0000              -1.0315               0.0000               0.0000               0.0000               0.0000
[Row   7]               0.0000               0.0000               0.0000               0.0000              -0.0000               0.0000               1.0000               0.0000               0.0000               0.0000
