molecule mol19.xyz
System:, atNum: 16 coords [0.         0.         0.19300718]
System:, atNum: 1 coords [ 0.          1.84110158 -1.54406309]
System:, atNum: 1 coords [ 0.         -1.84110158 -1.54406309]
===== Original AO-S matrix =====

                  [Col  1]              [Col  2]              [Col  3]              [Col  4]              [Col  5]              [Col  6]              [Col  7]              [Col  8]              [Col  9]              [Col 10]
[Row   1]               1.0000               0.3355               0.0000               0.0000               0.0000               0.0143              -0.0000               0.0000               0.0000               0.0075
[Row   2]               0.3355               1.0000               0.0000               0.0000               0.0000               0.2431              -0.0000               0.0000               0.0000               0.0597
[Row   3]               0.0000               0.0000               1.0000               0.0000               0.0000               0.0000               0.2574               0.0000               0.0000              -0.0195
[Row   4]               0.0000               0.0000               0.0000               1.0000               0.0000               0.0000               0.0000               0.2574               0.0000               0.0000
[Row   5]               0.0000               0.0000               0.0000               0.0000               1.0000               0.0000               0.0000               0.0000               0.2574               0.0207
[Row   6]               0.0143               0.2431               0.0000               0.0000               0.0000               1.0000               0.0000               0.0000               0.0000               0.3995
[Row   7]              -0.0000              -0.0000               0.2574               0.0000               0.0000               0.0000               1.0000               0.0000               0.0000              -0.2977
[Row   8]               0.0000               0.0000               0.0000               0.2574               0.0000               0.0000               0.0000               1.0000               0.0000               0.0000
[Row   9]               0.0000               0.0000               0.0000               0.0000               0.2574               0.0000               0.0000               0.0000               1.0000               0.3155
[Row  10]               0.0075               0.0597              -0.0195               0.0000               0.0207               0.3995              -0.2977               0.0000               0.3155               1.0000
[Row  11]               0.0075               0.0597              -0.0195               0.0000              -0.0207               0.3995              -0.2977               0.0000              -0.3155               0.1296
                  [Col 11]
[Row   1]               0.0075
[Row   2]               0.0597
[Row   3]              -0.0195
[Row   4]               0.0000
[Row   5]              -0.0207
[Row   6]               0.3995
[Row   7]              -0.2977
[Row   8]               0.0000
[Row   9]              -0.3155
[Row  10]               0.1296
[Row  11]               1.0000
nbas 11
 ===== CA ===== 

                  [Col  1]              [Col  2]              [Col  3]              [Col  4]              [Col  5]              [Col  6]              [Col  7]              [Col  8]              [Col  9]              [Col 10]
[Row   1]               0.9942               0.3673              -0.0000               0.0072              -0.0000               0.0828               0.0000               0.0442              -0.0000              -0.0000
[Row   2]               0.0171              -1.0467               0.0000              -0.0208               0.0000              -0.2834              -0.0000              -0.1389               0.0000               0.0000
[Row   3]              -0.0002               0.0161               0.0000              -0.9837               0.0000               0.0506              -0.0000              -0.2273              -0.0000              -0.0000
[Row   4]              -0.0000               0.0000               0.0000               0.0000               0.9861               0.0000              -0.0000              -0.0000               0.3138               0.0000
[Row   5]               0.0000              -0.0000               0.9835               0.0000              -0.0000              -0.0000               0.1943              -0.0000               0.0000               0.2802
[Row   6]              -0.0026              -0.0552              -0.0000               0.0108              -0.0000               0.8002               0.0000               0.6092              -0.0000              -0.0000
[Row   7]               0.0004               0.0091               0.0000              -0.0592               0.0000              -0.1221               0.0000               0.6847               0.0000               0.0000
[Row   8]               0.0000              -0.0000               0.0000               0.0000               0.0494              -0.0000               0.0000               0.0000              -1.0337              -0.0000
[Row   9]              -0.0000               0.0000               0.0605               0.0000              -0.0000               0.0000              -0.5421               0.0000              -0.0000              -1.0517
[Row  10]               0.0007               0.0113              -0.0117              -0.0117               0.0000               0.2092              -0.4804              -0.3397              -0.0000               0.7230
[Row  11]               0.0007               0.0113               0.0117              -0.0117               0.0000               0.2092               0.4804              -0.3397               0.0000              -0.7230
                  [Col 11]
[Row   1]               0.0430
[Row   2]              -0.1212
[Row   3]               0.2465
[Row   4]               0.0000
[Row   5]               0.0000
[Row   6]               0.7713
[Row   7]              -0.9482
[Row   8]              -0.0000
[Row   9]              -0.0000
[Row  10]              -0.8021
[Row  11]              -0.8021
 ===== CB ===== 

                  [Col  1]              [Col  2]              [Col  3]              [Col  4]              [Col  5]              [Col  6]              [Col  7]              [Col  8]              [Col  9]              [Col 10]
[Row   1]               0.9942               0.3673              -0.0000               0.0072              -0.0000               0.0828               0.0000               0.0442              -0.0000              -0.0000
[Row   2]               0.0171              -1.0467               0.0000              -0.0208               0.0000              -0.2834              -0.0000              -0.1389               0.0000               0.0000
[Row   3]              -0.0002               0.0161               0.0000              -0.9837               0.0000               0.0506              -0.0000              -0.2273              -0.0000              -0.0000
[Row   4]              -0.0000               0.0000               0.0000               0.0000               0.9861               0.0000              -0.0000              -0.0000               0.3138               0.0000
[Row   5]               0.0000              -0.0000               0.9835               0.0000              -0.0000              -0.0000               0.1943              -0.0000               0.0000               0.2802
[Row   6]              -0.0026              -0.0552              -0.0000               0.0108              -0.0000               0.8002               0.0000               0.6092              -0.0000              -0.0000
[Row   7]               0.0004               0.0091               0.0000              -0.0592               0.0000              -0.1221               0.0000               0.6847               0.0000               0.0000
[Row   8]               0.0000              -0.0000               0.0000               0.0000               0.0494              -0.0000               0.0000               0.0000              -1.0337              -0.0000
[Row   9]              -0.0000               0.0000               0.0605               0.0000              -0.0000               0.0000              -0.5421               0.0000              -0.0000              -1.0517
[Row  10]               0.0007               0.0113              -0.0117              -0.0117               0.0000               0.2092              -0.4804              -0.3397              -0.0000               0.7230
[Row  11]               0.0007               0.0113               0.0117              -0.0117               0.0000               0.2092               0.4804              -0.3397               0.0000              -0.7230
                  [Col 11]
[Row   1]               0.0430
[Row   2]              -0.1212
[Row   3]               0.2465
[Row   4]               0.0000
[Row   5]               0.0000
[Row   6]               0.7713
[Row   7]              -0.9482
[Row   8]              -0.0000
[Row   9]              -0.0000
[Row  10]              -0.8021
[Row  11]              -0.8021
 ===== P_psi ===== Dalpha+Dbeta 

                  [Col  1]              [Col  2]              [Col  3]              [Col  4]              [Col  5]              [Col  6]              [Col  7]              [Col  8]              [Col  9]              [Col 10]
[Row   1]               2.2642              -0.7943              -0.0145              -0.0000              -0.0000               0.1409               0.0471               0.0000               0.0000               0.0141
[Row   2]              -0.7943               2.3920               0.0418               0.0000               0.0000              -0.5078              -0.1376              -0.0000              -0.0000              -0.0473
[Row   3]              -0.0145               0.0418               2.0444              -0.0000              -0.0000              -0.2190              -0.2069               0.0000               0.0000               0.1990
[Row   4]              -0.0000               0.0000              -0.0000               2.1419               0.0000              -0.0000              -0.0000              -0.5512               0.0000               0.0000
[Row   5]              -0.0000               0.0000              -0.0000               0.0000               2.0102              -0.0000               0.0000              -0.0000              -0.0918              -0.2097
[Row   6]               0.1409              -0.5078              -0.2190              -0.0000              -0.0000               2.0291               0.6366               0.0000               0.0000              -0.0805
[Row   7]               0.0471              -0.1376              -0.2069              -0.0000               0.0000               0.6366               0.9747              -0.0000              -0.0000              -0.5147
[Row   8]               0.0000              -0.0000               0.0000              -0.5512              -0.0000               0.0000              -0.0000               2.1419              -0.0000              -0.0000
[Row   9]               0.0000              -0.0000               0.0000               0.0000              -0.0918               0.0000              -0.0000              -0.0000               0.5950               0.5194
[Row  10]               0.0141              -0.0473               0.1990               0.0000              -0.2097              -0.0805              -0.5147              -0.0000               0.5194               0.7806
[Row  11]               0.0141              -0.0473               0.1990               0.0000               0.2097              -0.0805              -0.5147              -0.0000              -0.5194              -0.1430
                  [Col 11]
[Row   1]               0.0141
[Row   2]              -0.0473
[Row   3]               0.1990
[Row   4]               0.0000
[Row   5]               0.2097
[Row   6]              -0.0805
[Row   7]              -0.5147
[Row   8]              -0.0000
[Row   9]              -0.5194
[Row  10]              -0.1430
[Row  11]               0.7806
===== P_mu,nu local =====

                  [Col  1]              [Col  2]              [Col  3]              [Col  4]              [Col  5]              [Col  6]              [Col  7]              [Col  8]              [Col  9]              [Col 10]
[Row   1]               2.2642              -0.7943              -0.0145              -0.0000              -0.0000               0.1409               0.0471               0.0000               0.0000               0.0141
[Row   2]              -0.7943               2.3920               0.0418               0.0000               0.0000              -0.5078              -0.1376              -0.0000              -0.0000              -0.0473
[Row   3]              -0.0145               0.0418               2.0444              -0.0000              -0.0000              -0.2190              -0.2069               0.0000               0.0000               0.1990
[Row   4]              -0.0000               0.0000              -0.0000               2.1419               0.0000              -0.0000              -0.0000              -0.5512               0.0000               0.0000
[Row   5]              -0.0000               0.0000              -0.0000               0.0000               2.0102              -0.0000               0.0000              -0.0000              -0.0918              -0.2097
[Row   6]               0.1409              -0.5078              -0.2190              -0.0000              -0.0000               2.0291               0.6366               0.0000               0.0000              -0.0805
[Row   7]               0.0471              -0.1376              -0.2069              -0.0000               0.0000               0.6366               0.9747              -0.0000              -0.0000              -0.5147
[Row   8]               0.0000              -0.0000               0.0000              -0.5512              -0.0000               0.0000              -0.0000               2.1419              -0.0000              -0.0000
[Row   9]               0.0000              -0.0000               0.0000               0.0000              -0.0918               0.0000              -0.0000              -0.0000               0.5950               0.5194
[Row  10]               0.0141              -0.0473               0.1990               0.0000              -0.2097              -0.0805              -0.5147              -0.0000               0.5194               0.7806
[Row  11]               0.0141              -0.0473               0.1990               0.0000               0.2097              -0.0805              -0.5147              -0.0000              -0.5194              -0.1430
                  [Col 11]
[Row   1]               0.0141
[Row   2]              -0.0473
[Row   3]               0.1990
[Row   4]               0.0000
[Row   5]               0.2097
[Row   6]              -0.0805
[Row   7]              -0.5147
[Row   8]              -0.0000
[Row   9]              -0.5194
[Row  10]              -0.1430
[Row  11]               0.7806
===== P_mu,nu psi4 =====

                  [Col  1]              [Col  2]              [Col  3]              [Col  4]              [Col  5]              [Col  6]              [Col  7]              [Col  8]              [Col  9]              [Col 10]
[Row   1]               2.2642              -0.7943              -0.0145              -0.0000              -0.0000               0.1409               0.0471               0.0000               0.0000               0.0141
[Row   2]              -0.7943               2.3920               0.0418               0.0000               0.0000              -0.5078              -0.1376              -0.0000              -0.0000              -0.0473
[Row   3]              -0.0145               0.0418               2.0444              -0.0000              -0.0000              -0.2190              -0.2069               0.0000               0.0000               0.1990
[Row   4]              -0.0000               0.0000              -0.0000               2.1419               0.0000              -0.0000              -0.0000              -0.5512               0.0000               0.0000
[Row   5]              -0.0000               0.0000              -0.0000               0.0000               2.0102              -0.0000               0.0000              -0.0000              -0.0918              -0.2097
[Row   6]               0.1409              -0.5078              -0.2190              -0.0000              -0.0000               2.0291               0.6366               0.0000               0.0000              -0.0805
[Row   7]               0.0471              -0.1376              -0.2069              -0.0000               0.0000               0.6366               0.9747              -0.0000              -0.0000              -0.5147
[Row   8]               0.0000              -0.0000               0.0000              -0.5512              -0.0000               0.0000              -0.0000               2.1419              -0.0000              -0.0000
[Row   9]               0.0000              -0.0000               0.0000               0.0000              -0.0918               0.0000              -0.0000              -0.0000               0.5950               0.5194
[Row  10]               0.0141              -0.0473               0.1990               0.0000              -0.2097              -0.0805              -0.5147              -0.0000               0.5194               0.7806
[Row  11]               0.0141              -0.0473               0.1990               0.0000               0.2097              -0.0805              -0.5147              -0.0000              -0.5194              -0.1430
                  [Col 11]
[Row   1]               0.0141
[Row   2]              -0.0473
[Row   3]               0.1990
[Row   4]               0.0000
[Row   5]               0.2097
[Row   6]              -0.0805
[Row   7]              -0.5147
[Row   8]              -0.0000
[Row   9]              -0.5194
[Row  10]              -0.1430
[Row  11]               0.7806
====== P^(AO) = SPS =====

                  [Col  1]              [Col  2]              [Col  3]              [Col  4]              [Col  5]              [Col  6]              [Col  7]              [Col  8]              [Col  9]              [Col 10]
[Row   1]               2.0000               0.6711              -0.0001               0.0000               0.0000               0.0283               0.0009               0.0000               0.0000               0.0159
[Row   2]               0.6711               1.9995               0.0010               0.0000               0.0000               0.4892              -0.0122               0.0000               0.0000               0.1095
[Row   3]              -0.0001               0.0010               1.9977               0.0000               0.0000              -0.0069               0.5422               0.0000               0.0000              -0.0169
[Row   4]               0.0000               0.0000               0.0000               2.0000               0.0000               0.0000               0.0000               0.5147               0.0000               0.0000
[Row   5]               0.0000               0.0000               0.0000               0.0000               1.9969               0.0000               0.0000               0.0000               0.5559               0.0174
[Row   6]               0.0283               0.4892              -0.0069               0.0000               0.0000               1.9794               0.0827               0.0000               0.0000               0.8655
[Row   7]               0.0009              -0.0122               0.5422               0.0000               0.0000               0.0827               1.6684               0.0000               0.0000              -0.8620
[Row   8]               0.0000               0.0000               0.0000               0.5147               0.0000               0.0000               0.0000               2.0000               0.0000               0.0000
[Row   9]               0.0000               0.0000               0.0000               0.0000               0.5559               0.0000               0.0000               0.0000               1.4522               0.9484
[Row  10]               0.0159               0.1095              -0.0169               0.0000               0.0174               0.8655              -0.8620               0.0000               0.9484               1.6015
[Row  11]               0.0159               0.1095              -0.0169               0.0000              -0.0174               0.8655              -0.8620               0.0000              -0.9484               0.2287
                  [Col 11]
[Row   1]               0.0159
[Row   2]               0.1095
[Row   3]              -0.0169
[Row   4]               0.0000
[Row   5]              -0.0174
[Row   6]               0.8655
[Row   7]              -0.8620
[Row   8]               0.0000
[Row   9]              -0.9484
[Row  10]               0.2287
[Row  11]               1.6015
====== S^(AO) = S =====

                  [Col  1]              [Col  2]              [Col  3]              [Col  4]              [Col  5]              [Col  6]              [Col  7]              [Col  8]              [Col  9]              [Col 10]
[Row   1]               1.0000               0.3355               0.0000               0.0000               0.0000               0.0143               0.0000               0.0000               0.0000               0.0075
[Row   2]               0.3355               1.0000               0.0000               0.0000               0.0000               0.2431               0.0000               0.0000               0.0000               0.0597
[Row   3]               0.0000               0.0000               1.0000               0.0000               0.0000               0.0000               0.2574               0.0000               0.0000              -0.0195
[Row   4]               0.0000               0.0000               0.0000               1.0000               0.0000               0.0000               0.0000               0.2574               0.0000               0.0000
[Row   5]               0.0000               0.0000               0.0000               0.0000               1.0000               0.0000               0.0000               0.0000               0.2574               0.0207
[Row   6]               0.0143               0.2431               0.0000               0.0000               0.0000               1.0000               0.0000               0.0000               0.0000               0.3995
[Row   7]               0.0000               0.0000               0.2574               0.0000               0.0000               0.0000               1.0000               0.0000               0.0000              -0.2977
[Row   8]               0.0000               0.0000               0.0000               0.2574               0.0000               0.0000               0.0000               1.0000               0.0000               0.0000
[Row   9]               0.0000               0.0000               0.0000               0.0000               0.2574               0.0000               0.0000               0.0000               1.0000               0.3155
[Row  10]               0.0075               0.0597              -0.0195               0.0000               0.0207               0.3995              -0.2977               0.0000               0.3155               1.0000
[Row  11]               0.0075               0.0597              -0.0195               0.0000              -0.0207               0.3995              -0.2977               0.0000              -0.3155               0.1296
                  [Col 11]
[Row   1]               0.0075
[Row   2]               0.0597
[Row   3]              -0.0195
[Row   4]               0.0000
[Row   5]              -0.0207
[Row   6]               0.3995
[Row   7]              -0.2977
[Row   8]               0.0000
[Row   9]              -0.3155
[Row  10]               0.1296
[Row  11]               1.0000
====== P^(AO) std gaussian m_l ordering SPS =====

                  [Col  1]              [Col  2]              [Col  3]              [Col  4]              [Col  5]              [Col  6]              [Col  7]              [Col  8]              [Col  9]              [Col 10]
[Row   1]               2.0000               0.6711               0.0000               0.0000              -0.0001               0.0283               0.0000               0.0000               0.0009               0.0159
[Row   2]               0.6711               1.9995               0.0000               0.0000               0.0010               0.4892               0.0000               0.0000              -0.0122               0.1095
[Row   3]               0.0000               0.0000               2.0000               0.0000               0.0000               0.0000               0.5147               0.0000               0.0000               0.0000
[Row   4]               0.0000               0.0000               0.0000               1.9969               0.0000               0.0000               0.0000               0.5559               0.0000               0.0174
[Row   5]              -0.0001               0.0010               0.0000               0.0000               1.9977              -0.0069               0.0000               0.0000               0.5422              -0.0169
[Row   6]               0.0283               0.4892               0.0000               0.0000              -0.0069               1.9794               0.0000               0.0000               0.0827               0.8655
[Row   7]               0.0000               0.0000               0.5147               0.0000               0.0000               0.0000               2.0000               0.0000               0.0000               0.0000
[Row   8]               0.0000               0.0000               0.0000               0.5559               0.0000               0.0000               0.0000               1.4522               0.0000               0.9484
[Row   9]               0.0009              -0.0122               0.0000               0.0000               0.5422               0.0827               0.0000               0.0000               1.6684              -0.8620
[Row  10]               0.0159               0.1095               0.0000               0.0174              -0.0169               0.8655               0.0000               0.9484              -0.8620               1.6015
[Row  11]               0.0159               0.1095               0.0000              -0.0174              -0.0169               0.8655               0.0000              -0.9484              -0.8620               0.2287
                  [Col 11]
[Row   1]               0.0159
[Row   2]               0.1095
[Row   3]               0.0000
[Row   4]              -0.0174
[Row   5]              -0.0169
[Row   6]               0.8655
[Row   7]               0.0000
[Row   8]              -0.9484
[Row   9]              -0.8620
[Row  10]               0.2287
[Row  11]               1.6015
====== S^(AO) std gaussian m_l ordering =====

                  [Col  1]              [Col  2]              [Col  3]              [Col  4]              [Col  5]              [Col  6]              [Col  7]              [Col  8]              [Col  9]              [Col 10]
[Row   1]               1.0000               0.3355               0.0000               0.0000               0.0000               0.0143               0.0000               0.0000               0.0000               0.0075
[Row   2]               0.3355               1.0000               0.0000               0.0000               0.0000               0.2431               0.0000               0.0000               0.0000               0.0597
[Row   3]               0.0000               0.0000               1.0000               0.0000               0.0000               0.0000               0.2574               0.0000               0.0000               0.0000
[Row   4]               0.0000               0.0000               0.0000               1.0000               0.0000               0.0000               0.0000               0.2574               0.0000               0.0207
[Row   5]               0.0000               0.0000               0.0000               0.0000               1.0000               0.0000               0.0000               0.0000               0.2574              -0.0195
[Row   6]               0.0143               0.2431               0.0000               0.0000               0.0000               1.0000               0.0000               0.0000               0.0000               0.3995
[Row   7]               0.0000               0.0000               0.2574               0.0000               0.0000               0.0000               1.0000               0.0000               0.0000               0.0000
[Row   8]               0.0000               0.0000               0.0000               0.2574               0.0000               0.0000               0.0000               1.0000               0.0000               0.3155
[Row   9]               0.0000               0.0000               0.0000               0.0000               0.2574               0.0000               0.0000               0.0000               1.0000              -0.2977
[Row  10]               0.0075               0.0597               0.0000               0.0207              -0.0195               0.3995               0.0000               0.3155              -0.2977               1.0000
[Row  11]               0.0075               0.0597               0.0000              -0.0207              -0.0195               0.3995               0.0000              -0.3155              -0.2977               0.1296
                  [Col 11]
[Row   1]               0.0075
[Row   2]               0.0597
[Row   3]               0.0000
[Row   4]              -0.0207
[Row   5]              -0.0195
[Row   6]               0.3995
[Row   7]               0.0000
[Row   8]              -0.3155
[Row   9]              -0.2977
[Row  10]               0.1296
[Row  11]               1.0000
===== After load P check zeros ===== 
 [[ 1.99999731e+00  6.71083033e-01  0.00000000e+00  0.00000000e+00
  -7.82857528e-05  2.82647060e-02  0.00000000e+00  0.00000000e+00
   9.44820689e-04  1.58597661e-02  1.58597661e-02]
 [ 6.71083033e-01  1.99954843e+00  0.00000000e+00  0.00000000e+00
   1.01393015e-03  4.89246834e-01  0.00000000e+00  0.00000000e+00
  -1.22369927e-02  1.09491329e-01  1.09491329e-01]
 [ 0.00000000e+00  0.00000000e+00  2.00000000e+00  0.00000000e+00
   0.00000000e+00  0.00000000e+00  5.14718934e-01  0.00000000e+00
   0.00000000e+00  0.00000000e+00  0.00000000e+00]
 [ 0.00000000e+00  0.00000000e+00  0.00000000e+00  1.99689812e+00
   0.00000000e+00  0.00000000e+00  0.00000000e+00  5.55942045e-01
   0.00000000e+00  1.74297066e-02 -1.74297066e-02]
 [-7.82857528e-05  1.01393015e-03  0.00000000e+00  0.00000000e+00
   1.99772335e+00 -6.85217588e-03  0.00000000e+00  0.00000000e+00
   5.42195500e-01 -1.68829418e-02 -1.68829418e-02]
 [ 2.82647060e-02  4.89246834e-01  0.00000000e+00  0.00000000e+00
  -6.85217588e-03  1.97937656e+00  0.00000000e+00  0.00000000e+00
   8.26980301e-02  8.65483861e-01  8.65483861e-01]
 [ 0.00000000e+00  0.00000000e+00  5.14718934e-01  0.00000000e+00
   0.00000000e+00  0.00000000e+00  2.00000000e+00  0.00000000e+00
   0.00000000e+00  0.00000000e+00  0.00000000e+00]
 [ 0.00000000e+00  0.00000000e+00  0.00000000e+00  5.55942045e-01
   0.00000000e+00  0.00000000e+00  0.00000000e+00  1.45215694e+00
   0.00000000e+00  9.48424163e-01 -9.48424163e-01]
 [ 9.44820689e-04 -1.22369927e-02  0.00000000e+00  0.00000000e+00
   5.42195500e-01  8.26980301e-02  0.00000000e+00  0.00000000e+00
   1.66838886e+00 -8.62031698e-01 -8.62031698e-01]
 [ 1.58597661e-02  1.09491329e-01  0.00000000e+00  1.74297066e-02
  -1.68829418e-02  8.65483861e-01  0.00000000e+00  9.48424163e-01
  -8.62031698e-01  1.60153164e+00  2.28727786e-01]
 [ 1.58597661e-02  1.09491329e-01  0.00000000e+00 -1.74297066e-02
  -1.68829418e-02  8.65483861e-01  0.00000000e+00 -9.48424163e-01
  -8.62031698e-01  2.28727786e-01  1.60153164e+00]]
lctrl 0 ntrue 3
lctrl 1 ntrue 6
lctrl 1
===== cA before average ===== 
 [[2.         0.         0.         0.51471893 0.         0.        ]
 [0.         1.99689812 0.         0.         0.55594205 0.        ]
 [0.         0.         1.99772335 0.         0.         0.5421955 ]
 [0.51471893 0.         0.         2.         0.         0.        ]
 [0.         0.55594205 0.         0.         1.45215694 0.        ]
 [0.         0.         0.5421955  0.         0.         1.66838886]]
===== cB before average ===== 
 [[1.         0.         0.         0.25735947 0.         0.        ]
 [0.         1.         0.         0.         0.25735947 0.        ]
 [0.         0.         1.         0.         0.         0.25735947]
 [0.25735947 0.         0.         1.         0.         0.        ]
 [0.         0.25735947 0.         0.         1.         0.        ]
 [0.         0.         0.25735947 0.         0.         1.        ]]
===== cA after average ===== 
 [[2.         0.         0.         0.51471893 0.         0.        ]
 [0.         1.99689812 0.         0.         0.55594205 0.        ]
 [0.         0.         1.99772335 0.         0.         0.5421955 ]
 [0.51471893 0.         0.         2.         0.         0.        ]
 [0.         0.55594205 0.         0.         1.45215694 0.        ]
 [0.         0.         0.5421955  0.         0.         1.66838886]]
===== cB after average ===== 
 [[1.         0.         0.         0.25735947 0.         0.        ]
 [0.         1.         0.         0.         0.25735947 0.        ]
 [0.         0.         1.         0.         0.         0.25735947]
 [0.25735947 0.         0.         1.         0.         0.        ]
 [0.         0.25735947 0.         0.         1.         0.        ]
 [0.         0.         0.25735947 0.         0.         1.        ]]
lctrl 0 ntrue 1
lctrl 0 ntrue 1
N_functions in (iatom,l):( 0 0 ) block =  3
===== iatom,lblock eigvals ===== 0 0 
 [2.         2.         1.97559735]
===== iatom,lblock eigvecs ===== 0 0 
 [[-0.3093113   1.0087145   0.14081123]
 [-0.81992159 -0.58754607 -0.43178923]
 [-0.11779157 -0.09846488  1.02227058]]
N_functions in (iatom,l):( 0 1 ) block =  6
eigvecs before 
 [[-1.03433822e+00 -1.86380174e-17 -3.28091693e-02 -7.45520696e-17
   1.32431079e-32  1.49104139e-17]
 [-8.54405569e-17  2.20061594e-01  5.69603713e-16  9.53450154e-01
  -1.88624601e-16 -3.36805131e-01]
 [ 0.00000000e+00 -9.51121064e-01  0.00000000e+00  2.19524027e-01
  -3.43671240e-01  3.54421173e-16]
 [ 2.97900750e-01  1.42400928e-16 -9.91053551e-01  5.69603713e-16
  -1.01181945e-31 -1.13920743e-16]
 [ 1.11828104e-17  1.65588000e-02 -7.45520696e-17  7.17435067e-02
   1.57932027e-16  1.03223576e+00]
 [ 0.00000000e+00 -7.88077879e-02  0.00000000e+00  1.81892754e-02
   1.03169302e+00 -1.41449980e-16]]
mlMap 
 [[-9.57670643e-01 -9.32322679e-17  1.66793773e-18  3.17040166e-02
  -1.30881876e-17  5.55613171e-19]
 [ 1.76402427e-17  2.24323158e-01 -9.71402994e-01  1.22838768e-16
   7.31937345e-02 -3.23587798e-01]
 [-2.87866183e-01  5.70989430e-16 -1.02150772e-17 -9.99497301e-01
   8.01569774e-17 -3.40278377e-18]
 [ 7.64290208e-17  9.71914025e-01  2.24205209e-01  5.32217551e-16
   3.17122930e-01  7.46858619e-02]
 [-1.38349707e-32 -1.54592067e-16 -7.81552750e-02 -9.63405540e-32
   1.05648932e-16  9.43245970e-01]
 [-1.60108361e-17 -7.11494846e-02  3.37227806e-16 -1.11492309e-16
   9.45555775e-01 -4.52386839e-17]]
eigvecs after 
 [[ 1.00000000e+00 -1.59627652e-33  9.12542448e-34  2.78402626e-18
   1.45551361e-34 -2.35323010e-34]
 [ 1.49162000e-32  1.00000000e+00  1.18827044e-17  1.37324012e-32
   8.15844068e-17  1.96035406e-17]
 [-9.99344280e-34  6.97790964e-18  1.00000000e+00  2.56123023e-32
   9.71638999e-19 -5.12663167e-17]
 [-1.63296847e-17  6.99071793e-32  1.84279836e-32  1.00000000e+00
   1.26699908e-32 -1.73105407e-33]
 [ 7.28112430e-34  2.10719946e-17  1.54876527e-18  3.77701497e-33
   1.00000000e+00  2.19201698e-18]
 [ 1.56722304e-35 -1.54704049e-19  1.39117788e-17  9.43999663e-34
  -3.46736494e-19  1.00000000e+00]]
===== iatom,lblock eigvals ===== 0 1 
 [2.         2.         2.         2.         1.627283   1.38725206]
===== iatom,lblock eigvecs ===== 0 1 
 [[ 1.00000000e+00 -1.59627652e-33  9.12542448e-34  2.78402626e-18
   1.45551361e-34 -2.35323010e-34]
 [ 1.49162000e-32  1.00000000e+00  1.18827044e-17  1.37324012e-32
   8.15844068e-17  1.96035406e-17]
 [-9.99344280e-34  6.97790964e-18  1.00000000e+00  2.56123023e-32
   9.71638999e-19 -5.12663167e-17]
 [-1.63296847e-17  6.99071793e-32  1.84279836e-32  1.00000000e+00
   1.26699908e-32 -1.73105407e-33]
 [ 7.28112430e-34  2.10719946e-17  1.54876527e-18  3.77701497e-33
   1.00000000e+00  2.19201698e-18]
 [ 1.56722304e-35 -1.54704049e-19  1.39117788e-17  9.43999663e-34
  -3.46736494e-19  1.00000000e+00]]
N_functions in (iatom,l):( 1 0 ) block =  1
===== iatom,lblock eigvals ===== 1 0 
 [1.60153164]
===== iatom,lblock eigvecs ===== 1 0 
 [[1.]]
N_functions in (iatom,l):( 2 0 ) block =  1
===== iatom,lblock eigvals ===== 2 0 
 [1.60153164]
===== iatom,lblock eigvecs ===== 2 0 
 [[1.]]
===== W_pnao ===== 
 [2.         2.         2.         2.         2.         1.97559735
 2.         1.627283   1.38725206 1.60153164 1.60153164]
===== N_avpnao =====

                  [Col  1]              [Col  2]              [Col  3]              [Col  4]              [Col  5]              [Col  6]              [Col  7]              [Col  8]              [Col  9]              [Col 10]
[Row   1]              -0.3093               1.0087               0.0000               0.0000               0.0000               0.1408               0.0000               0.0000               0.0000               0.0000
[Row   2]              -0.8199              -0.5875               0.0000               0.0000               0.0000              -0.4318               0.0000               0.0000               0.0000               0.0000
[Row   3]               0.0000               0.0000               1.0000              -0.0000               0.0000               0.0000               0.0000               0.0000              -0.0000               0.0000
[Row   4]               0.0000               0.0000               0.0000               1.0000               0.0000               0.0000               0.0000               0.0000               0.0000               0.0000
[Row   5]               0.0000               0.0000              -0.0000               0.0000               1.0000               0.0000               0.0000               0.0000              -0.0000               0.0000
[Row   6]              -0.1178              -0.0985               0.0000               0.0000               0.0000               1.0223               0.0000               0.0000               0.0000               0.0000
[Row   7]               0.0000               0.0000              -0.0000               0.0000               0.0000               0.0000               1.0000               0.0000              -0.0000               0.0000
[Row   8]               0.0000               0.0000               0.0000               0.0000               0.0000               0.0000               0.0000               1.0000               0.0000               0.0000
