molecule mol36.xyz
System:, atNum: 8 coords [ 0.          1.38716858 -0.09968305]
System:, atNum: 8 coords [ 0.         -1.38716858 -0.09968305]
System:, atNum: 1 coords [1.5865139  1.66438006 0.79746631]
System:, atNum: 1 coords [-1.5865139  -1.66438006  0.79746631]
===== Original AO-S matrix =====

                  [Col  1]              [Col  2]              [Col  3]              [Col  4]              [Col  5]              [Col  6]              [Col  7]              [Col  8]              [Col  9]              [Col 10]
[Row   1]               1.0000               0.2367               0.0000               0.0000              -0.0000               0.0000               0.0090               0.0000               0.0000               0.0169
[Row   2]               0.2367               1.0000              -0.0000               0.0000               0.0000               0.0090               0.1608              -0.0000               0.0000               0.2063
[Row   3]               0.0000              -0.0000               1.0000               0.0000               0.0000               0.0000              -0.0000               0.0771               0.0000              -0.0000
[Row   4]               0.0000               0.0000               0.0000               1.0000               0.0000               0.0000               0.0000               0.0000               0.0771               0.0000
[Row   5]              -0.0000               0.0000               0.0000               0.0000               1.0000              -0.0169              -0.2063               0.0000               0.0000              -0.2318
[Row   6]               0.0000               0.0090               0.0000               0.0000              -0.0169               1.0000               0.2367               0.0000               0.0000               0.0000
[Row   7]               0.0090               0.1608              -0.0000               0.0000              -0.2063               0.2367               1.0000              -0.0000               0.0000               0.0000
[Row   8]               0.0000              -0.0000               0.0771               0.0000               0.0000               0.0000              -0.0000               1.0000               0.0000               0.0000
[Row   9]               0.0000               0.0000               0.0000               0.0771               0.0000               0.0000               0.0000               0.0000               1.0000               0.0000
[Row  10]               0.0169               0.2063              -0.0000               0.0000              -0.2318               0.0000               0.0000               0.0000               0.0000               1.0000
[Row  11]               0.0517               0.4628               0.1883               0.3330               0.0582               0.0066               0.0966               0.0263               0.0466               0.0896
[Row  12]               0.0066               0.0966               0.0263              -0.0466              -0.0896               0.0517               0.4628               0.1883              -0.3330              -0.0582
                  [Col 11]              [Col 12]
[Row   1]               0.0517               0.0066
[Row   2]               0.4628               0.0966
[Row   3]               0.1883               0.0263
[Row   4]               0.3330              -0.0466
[Row   5]               0.0582              -0.0896
[Row   6]               0.0066               0.0517
[Row   7]               0.0966               0.4628
[Row   8]               0.0263               0.1883
[Row   9]               0.0466              -0.3330
[Row  10]               0.0896              -0.0582
[Row  11]               1.0000               0.0560
[Row  12]               0.0560               1.0000
nbas 12
 ===== CA ===== 

                  [Col  1]              [Col  2]              [Col  3]              [Col  4]              [Col  5]              [Col  6]              [Col  7]              [Col  8]              [Col  9]              [Col 10]
[Row   1]               0.7029               0.7034               0.1662               0.1713               0.0692               0.0286               0.0281               0.0502               0.0212               0.0736
[Row   2]               0.0187               0.0156              -0.5942              -0.6558              -0.3392              -0.1678              -0.1232              -0.2615              -0.1104              -0.3930
[Row   3]               0.0011               0.0013              -0.0370              -0.0472               0.0550               0.4021               0.4590              -0.2036               0.6831              -0.0480
[Row   4]               0.0021               0.0022              -0.0471              -0.0871               0.4988               0.2015              -0.1773               0.5093              -0.2054              -0.0929
[Row   5]              -0.0027               0.0008               0.0878              -0.0812              -0.0704               0.2797              -0.4455              -0.3513              -0.0311               0.7980
[Row   6]              -0.7029               0.7034               0.1662              -0.1713              -0.0692               0.0286               0.0281               0.0502              -0.0212              -0.0736
[Row   7]              -0.0187               0.0156              -0.5942               0.6558               0.3392              -0.1678              -0.1232              -0.2615               0.1104               0.3930
[Row   8]              -0.0011               0.0013              -0.0370               0.0472              -0.0550               0.4021               0.4590              -0.2036              -0.6831               0.0480
[Row   9]               0.0021              -0.0022               0.0471              -0.0871               0.4988              -0.2015               0.1773              -0.5093              -0.2054              -0.0929
[Row  10]              -0.0027              -0.0008              -0.0878              -0.0812              -0.0704              -0.2797               0.4455               0.3513              -0.0311               0.7980
[Row  11]              -0.0040              -0.0047              -0.0968              -0.1699               0.3001               0.3280              -0.0643               0.1875               0.1261               0.1697
[Row  12]               0.0040              -0.0047              -0.0968               0.1699              -0.3001               0.3280              -0.0643               0.1875              -0.1261              -0.1697
                  [Col 11]              [Col 12]
[Row   1]               0.0671               0.0502
[Row   2]              -0.4488              -0.3481
[Row   3]              -0.2824              -0.3043
[Row   4]              -0.5316              -0.5080
[Row   5]              -0.1161              -0.2322
[Row   6]               0.0671              -0.0502
[Row   7]              -0.4488               0.3481
[Row   8]              -0.2824               0.3043
[Row   9]               0.5316              -0.5080
[Row  10]               0.1161              -0.2322
[Row  11]               0.7853               0.8063
[Row  12]               0.7853              -0.8063
 ===== CB ===== 

                  [Col  1]              [Col  2]              [Col  3]              [Col  4]              [Col  5]              [Col  6]              [Col  7]              [Col  8]              [Col  9]              [Col 10]
[Row   1]               0.7029               0.7034               0.1662               0.1713               0.0692               0.0286               0.0281               0.0502               0.0212               0.0736
[Row   2]               0.0187               0.0156              -0.5942              -0.6558              -0.3392              -0.1678              -0.1232              -0.2615              -0.1104              -0.3930
[Row   3]               0.0011               0.0013              -0.0370              -0.0472               0.0550               0.4021               0.4590              -0.2036               0.6831              -0.0480
[Row   4]               0.0021               0.0022              -0.0471              -0.0871               0.4988               0.2015              -0.1773               0.5093              -0.2054              -0.0929
[Row   5]              -0.0027               0.0008               0.0878              -0.0812              -0.0704               0.2797              -0.4455              -0.3513              -0.0311               0.7980
[Row   6]              -0.7029               0.7034               0.1662              -0.1713              -0.0692               0.0286               0.0281               0.0502              -0.0212              -0.0736
[Row   7]              -0.0187               0.0156              -0.5942               0.6558               0.3392              -0.1678              -0.1232              -0.2615               0.1104               0.3930
[Row   8]              -0.0011               0.0013              -0.0370               0.0472              -0.0550               0.4021               0.4590              -0.2036              -0.6831               0.0480
[Row   9]               0.0021              -0.0022               0.0471              -0.0871               0.4988              -0.2015               0.1773              -0.5093              -0.2054              -0.0929
[Row  10]              -0.0027              -0.0008              -0.0878              -0.0812              -0.0704              -0.2797               0.4455               0.3513              -0.0311               0.7980
[Row  11]              -0.0040              -0.0047              -0.0968              -0.1699               0.3001               0.3280              -0.0643               0.1875               0.1261               0.1697
[Row  12]               0.0040              -0.0047              -0.0968               0.1699              -0.3001               0.3280              -0.0643               0.1875              -0.1261              -0.1697
                  [Col 11]              [Col 12]
[Row   1]               0.0671               0.0502
[Row   2]              -0.4488              -0.3481
[Row   3]              -0.2824              -0.3043
[Row   4]              -0.5316              -0.5080
[Row   5]              -0.1161              -0.2322
[Row   6]               0.0671              -0.0502
[Row   7]              -0.4488               0.3481
[Row   8]              -0.2824               0.3043
[Row   9]               0.5316              -0.5080
[Row  10]               0.1161              -0.2322
[Row  11]               0.7853               0.8063
[Row  12]               0.7853              -0.8063
 ===== P_psi ===== Dalpha+Dbeta 

                  [Col  1]              [Col  2]              [Col  3]              [Col  4]              [Col  5]              [Col  6]              [Col  7]              [Col  8]              [Col  9]              [Col 10]
[Row   1]               2.1104              -0.4682               0.0399               0.0735              -0.0567              -0.0042               0.0316              -0.0042              -0.0068              -0.0287
[Row   2]              -0.4682               2.0453              -0.2237              -0.4131               0.2563               0.0316              -0.1851               0.0285               0.0556               0.0657
[Row   3]               0.0399              -0.2237               1.7742              -0.4221              -0.0902              -0.0042               0.0285              -0.1136              -0.0128               0.0049
[Row   4]               0.0735              -0.4131              -0.4221               1.2645              -0.1387               0.0068              -0.0556               0.0128              -0.0702               0.0521
[Row   5]              -0.0567               0.2563              -0.0902              -0.1387               0.8406               0.0287              -0.0657              -0.0049               0.0521              -0.7906
[Row   6]              -0.0042               0.0316              -0.0042               0.0068               0.0287               2.1104              -0.4682               0.0399              -0.0735               0.0567
[Row   7]               0.0316              -0.1851               0.0285              -0.0556              -0.0657              -0.4682               2.0453              -0.2237               0.4131              -0.2563
[Row   8]              -0.0042               0.0285              -0.1136               0.0128              -0.0049               0.0399              -0.2237               1.7742               0.4221               0.0902
[Row   9]              -0.0068               0.0556              -0.0128              -0.0702               0.0521              -0.0735               0.4131               0.4221               1.2645              -0.1387
[Row  10]              -0.0287               0.0657               0.0049               0.0521              -0.7906               0.0567              -0.2563               0.0902              -0.1387               0.8406
[Row  11]              -0.0218              -0.0861               0.3568               0.6322               0.0695               0.0122              -0.0687              -0.0859              -0.0779              -0.1145
[Row  12]               0.0122              -0.0687              -0.0859               0.0779               0.1145              -0.0218              -0.0861               0.3568              -0.6322              -0.0695
                  [Col 11]              [Col 12]
[Row   1]              -0.0218               0.0122
[Row   2]              -0.0861              -0.0687
[Row   3]               0.3568              -0.0859
[Row   4]               0.6322               0.0779
[Row   5]               0.0695               0.1145
[Row   6]               0.0122              -0.0218
[Row   7]              -0.0687              -0.0861
[Row   8]              -0.0859               0.3568
[Row   9]              -0.0779              -0.6322
[Row  10]              -0.1145              -0.0695
[Row  11]               0.5822               0.0428
[Row  12]               0.0428               0.5822
===== P_mu,nu local =====

                  [Col  1]              [Col  2]              [Col  3]              [Col  4]              [Col  5]              [Col  6]              [Col  7]              [Col  8]              [Col  9]              [Col 10]
[Row   1]               2.1104              -0.4682               0.0399               0.0735              -0.0567              -0.0042               0.0316              -0.0042              -0.0068              -0.0287
[Row   2]              -0.4682               2.0453              -0.2237              -0.4131               0.2563               0.0316              -0.1851               0.0285               0.0556               0.0657
[Row   3]               0.0399              -0.2237               1.7742              -0.4221              -0.0902              -0.0042               0.0285              -0.1136              -0.0128               0.0049
[Row   4]               0.0735              -0.4131              -0.4221               1.2645              -0.1387               0.0068              -0.0556               0.0128              -0.0702               0.0521
[Row   5]              -0.0567               0.2563              -0.0902              -0.1387               0.8406               0.0287              -0.0657              -0.0049               0.0521              -0.7906
[Row   6]              -0.0042               0.0316              -0.0042               0.0068               0.0287               2.1104              -0.4682               0.0399              -0.0735               0.0567
[Row   7]               0.0316              -0.1851               0.0285              -0.0556              -0.0657              -0.4682               2.0453              -0.2237               0.4131              -0.2563
[Row   8]              -0.0042               0.0285              -0.1136               0.0128              -0.0049               0.0399              -0.2237               1.7742               0.4221               0.0902
[Row   9]              -0.0068               0.0556              -0.0128              -0.0702               0.0521              -0.0735               0.4131               0.4221               1.2645              -0.1387
[Row  10]              -0.0287               0.0657               0.0049               0.0521              -0.7906               0.0567              -0.2563               0.0902              -0.1387               0.8406
[Row  11]              -0.0218              -0.0861               0.3568               0.6322               0.0695               0.0122              -0.0687              -0.0859              -0.0779              -0.1145
[Row  12]               0.0122              -0.0687              -0.0859               0.0779               0.1145              -0.0218              -0.0861               0.3568              -0.6322              -0.0695
                  [Col 11]              [Col 12]
[Row   1]              -0.0218               0.0122
[Row   2]              -0.0861              -0.0687
[Row   3]               0.3568              -0.0859
[Row   4]               0.6322               0.0779
[Row   5]               0.0695               0.1145
[Row   6]               0.0122              -0.0218
[Row   7]              -0.0687              -0.0861
[Row   8]              -0.0859               0.3568
[Row   9]              -0.0779              -0.6322
[Row  10]              -0.1145              -0.0695
[Row  11]               0.5822               0.0428
[Row  12]               0.0428               0.5822
===== P_mu,nu psi4 =====

                  [Col  1]              [Col  2]              [Col  3]              [Col  4]              [Col  5]              [Col  6]              [Col  7]              [Col  8]              [Col  9]              [Col 10]
[Row   1]               2.1104              -0.4682               0.0399               0.0735              -0.0567              -0.0042               0.0316              -0.0042              -0.0068              -0.0287
[Row   2]              -0.4682               2.0453              -0.2237              -0.4131               0.2563               0.0316              -0.1851               0.0285               0.0556               0.0657
[Row   3]               0.0399              -0.2237               1.7742              -0.4221              -0.0902              -0.0042               0.0285              -0.1136              -0.0128               0.0049
[Row   4]               0.0735              -0.4131              -0.4221               1.2645              -0.1387               0.0068              -0.0556               0.0128              -0.0702               0.0521
[Row   5]              -0.0567               0.2563              -0.0902              -0.1387               0.8406               0.0287              -0.0657              -0.0049               0.0521              -0.7906
[Row   6]              -0.0042               0.0316              -0.0042               0.0068               0.0287               2.1104              -0.4682               0.0399              -0.0735               0.0567
[Row   7]               0.0316              -0.1851               0.0285              -0.0556              -0.0657              -0.4682               2.0453              -0.2237               0.4131              -0.2563
[Row   8]              -0.0042               0.0285              -0.1136               0.0128              -0.0049               0.0399              -0.2237               1.7742               0.4221               0.0902
[Row   9]              -0.0068               0.0556              -0.0128              -0.0702               0.0521              -0.0735               0.4131               0.4221               1.2645              -0.1387
[Row  10]              -0.0287               0.0657               0.0049               0.0521              -0.7906               0.0567              -0.2563               0.0902              -0.1387               0.8406
[Row  11]              -0.0218              -0.0861               0.3568               0.6322               0.0695               0.0122              -0.0687              -0.0859              -0.0779              -0.1145
[Row  12]               0.0122              -0.0687              -0.0859               0.0779               0.1145              -0.0218              -0.0861               0.3568              -0.6322              -0.0695
                  [Col 11]              [Col 12]
[Row   1]              -0.0218               0.0122
[Row   2]              -0.0861              -0.0687
[Row   3]               0.3568              -0.0859
[Row   4]               0.6322               0.0779
[Row   5]               0.0695               0.1145
[Row   6]               0.0122              -0.0218
[Row   7]              -0.0687              -0.0861
[Row   8]              -0.0859               0.3568
[Row   9]              -0.0779              -0.6322
[Row  10]              -0.1145              -0.0695
[Row  11]               0.5822               0.0428
[Row  12]               0.0428               0.5822
====== P^(AO) = SPS =====

                  [Col  1]              [Col  2]              [Col  3]              [Col  4]              [Col  5]              [Col  6]              [Col  7]              [Col  8]              [Col  9]              [Col 10]
[Row   1]               1.9999               0.4749               0.0024               0.0044              -0.0042               0.0000               0.0172               0.0000              -0.0004               0.0281
[Row   2]               0.4749               1.9795              -0.0241              -0.0441               0.0814               0.0172               0.3353               0.0017              -0.0003               0.5066
[Row   3]               0.0024              -0.0241               1.9175              -0.1457              -0.0410               0.0000               0.0017               0.1632              -0.0016               0.0003
[Row   4]               0.0044              -0.0441              -0.1457               1.7401              -0.0635               0.0004               0.0003               0.0016               0.1766               0.0174
[Row   5]              -0.0042               0.0814              -0.0410              -0.0635               1.3311              -0.0281              -0.5066              -0.0003               0.0174              -1.1093
[Row   6]               0.0000               0.0172               0.0000               0.0004              -0.0281               1.9999               0.4749               0.0024              -0.0044               0.0042
[Row   7]               0.0172               0.3353               0.0017               0.0003              -0.5066               0.4749               1.9795              -0.0241               0.0441              -0.0814
[Row   8]               0.0000               0.0017               0.1632               0.0016              -0.0003               0.0024              -0.0241               1.9175               0.1457               0.0410
[Row   9]              -0.0004              -0.0003              -0.0016               0.1766               0.0174              -0.0044               0.0441               0.1457               1.7401              -0.0635
[Row  10]               0.0281               0.5066               0.0003               0.0174              -1.1093               0.0042              -0.0814               0.0410              -0.0635               1.3311
[Row  11]               0.0965               0.9966               0.5890               1.0442               0.1613               0.0132               0.1837               0.0426               0.0751               0.1105
[Row  12]               0.0132               0.1837               0.0426              -0.0751              -0.1105               0.0965               0.9966               0.5890              -1.0442              -0.1613
                  [Col 11]              [Col 12]
[Row   1]               0.0965               0.0132
[Row   2]               0.9966               0.1837
[Row   3]               0.5890               0.0426
[Row   4]               1.0442              -0.0751
[Row   5]               0.1613              -0.1105
[Row   6]               0.0132               0.0965
[Row   7]               0.1837               0.9966
[Row   8]               0.0426               0.5890
[Row   9]               0.0751              -1.0442
[Row  10]               0.1105              -0.1613
[Row  11]               1.4457               0.1102
[Row  12]               0.1102               1.4457
====== S^(AO) = S =====

                  [Col  1]              [Col  2]              [Col  3]              [Col  4]              [Col  5]              [Col  6]              [Col  7]              [Col  8]              [Col  9]              [Col 10]
[Row   1]               1.0000               0.2367               0.0000               0.0000               0.0000               0.0000               0.0090               0.0000               0.0000               0.0169
[Row   2]               0.2367               1.0000               0.0000               0.0000               0.0000               0.0090               0.1608               0.0000               0.0000               0.2063
[Row   3]               0.0000               0.0000               1.0000               0.0000               0.0000               0.0000               0.0000               0.0771               0.0000               0.0000
[Row   4]               0.0000               0.0000               0.0000               1.0000               0.0000               0.0000               0.0000               0.0000               0.0771               0.0000
[Row   5]               0.0000               0.0000               0.0000               0.0000               1.0000              -0.0169              -0.2063               0.0000               0.0000              -0.2318
[Row   6]               0.0000               0.0090               0.0000               0.0000              -0.0169               1.0000               0.2367               0.0000               0.0000               0.0000
[Row   7]               0.0090               0.1608               0.0000               0.0000              -0.2063               0.2367               1.0000               0.0000               0.0000               0.0000
[Row   8]               0.0000               0.0000               0.0771               0.0000               0.0000               0.0000               0.0000               1.0000               0.0000               0.0000
[Row   9]               0.0000               0.0000               0.0000               0.0771               0.0000               0.0000               0.0000               0.0000               1.0000               0.0000
[Row  10]               0.0169               0.2063               0.0000               0.0000              -0.2318               0.0000               0.0000               0.0000               0.0000               1.0000
[Row  11]               0.0517               0.4628               0.1883               0.3330               0.0582               0.0066               0.0966               0.0263               0.0466               0.0896
[Row  12]               0.0066               0.0966               0.0263              -0.0466              -0.0896               0.0517               0.4628               0.1883              -0.3330              -0.0582
                  [Col 11]              [Col 12]
[Row   1]               0.0517               0.0066
[Row   2]               0.4628               0.0966
[Row   3]               0.1883               0.0263
[Row   4]               0.3330              -0.0466
[Row   5]               0.0582              -0.0896
[Row   6]               0.0066               0.0517
[Row   7]               0.0966               0.4628
[Row   8]               0.0263               0.1883
[Row   9]               0.0466              -0.3330
[Row  10]               0.0896              -0.0582
[Row  11]               1.0000               0.0560
[Row  12]               0.0560               1.0000
====== P^(AO) std gaussian m_l ordering SPS =====

                  [Col  1]              [Col  2]              [Col  3]              [Col  4]              [Col  5]              [Col  6]              [Col  7]              [Col  8]              [Col  9]              [Col 10]
[Row   1]               1.9999               0.4749               0.0044              -0.0042               0.0024               0.0000               0.0172              -0.0004               0.0281               0.0000
[Row   2]               0.4749               1.9795              -0.0441               0.0814              -0.0241               0.0172               0.3353              -0.0003               0.5066               0.0017
[Row   3]               0.0044              -0.0441               1.7401              -0.0635              -0.1457               0.0004               0.0003               0.1766               0.0174               0.0016
[Row   4]              -0.0042               0.0814              -0.0635               1.3311              -0.0410              -0.0281              -0.5066               0.0174              -1.1093              -0.0003
[Row   5]               0.0024              -0.0241              -0.1457              -0.0410               1.9175               0.0000               0.0017              -0.0016               0.0003               0.1632
[Row   6]               0.0000               0.0172               0.0004              -0.0281               0.0000               1.9999               0.4749              -0.0044               0.0042               0.0024
[Row   7]               0.0172               0.3353               0.0003              -0.5066               0.0017               0.4749               1.9795               0.0441              -0.0814              -0.0241
[Row   8]              -0.0004              -0.0003               0.1766               0.0174              -0.0016              -0.0044               0.0441               1.7401              -0.0635               0.1457
[Row   9]               0.0281               0.5066               0.0174              -1.1093               0.0003               0.0042              -0.0814              -0.0635               1.3311               0.0410
[Row  10]               0.0000               0.0017               0.0016              -0.0003               0.1632               0.0024              -0.0241               0.1457               0.0410               1.9175
[Row  11]               0.0965               0.9966               1.0442               0.1613               0.5890               0.0132               0.1837               0.0751               0.1105               0.0426
[Row  12]               0.0132               0.1837              -0.0751              -0.1105               0.0426               0.0965               0.9966              -1.0442              -0.1613               0.5890
                  [Col 11]              [Col 12]
[Row   1]               0.0965               0.0132
[Row   2]               0.9966               0.1837
[Row   3]               1.0442              -0.0751
[Row   4]               0.1613              -0.1105
[Row   5]               0.5890               0.0426
[Row   6]               0.0132               0.0965
[Row   7]               0.1837               0.9966
[Row   8]               0.0751              -1.0442
[Row   9]               0.1105              -0.1613
[Row  10]               0.0426               0.5890
[Row  11]               1.4457               0.1102
[Row  12]               0.1102               1.4457
====== S^(AO) std gaussian m_l ordering =====

                  [Col  1]              [Col  2]              [Col  3]              [Col  4]              [Col  5]              [Col  6]              [Col  7]              [Col  8]              [Col  9]              [Col 10]
[Row   1]               1.0000               0.2367               0.0000               0.0000               0.0000               0.0000               0.0090               0.0000               0.0169               0.0000
[Row   2]               0.2367               1.0000               0.0000               0.0000               0.0000               0.0090               0.1608               0.0000               0.2063               0.0000
[Row   3]               0.0000               0.0000               1.0000               0.0000               0.0000               0.0000               0.0000               0.0771               0.0000               0.0000
[Row   4]               0.0000               0.0000               0.0000               1.0000               0.0000              -0.0169              -0.2063               0.0000              -0.2318               0.0000
[Row   5]               0.0000               0.0000               0.0000               0.0000               1.0000               0.0000               0.0000               0.0000               0.0000               0.0771
[Row   6]               0.0000               0.0090               0.0000              -0.0169               0.0000               1.0000               0.2367               0.0000               0.0000               0.0000
[Row   7]               0.0090               0.1608               0.0000              -0.2063               0.0000               0.2367               1.0000               0.0000               0.0000               0.0000
[Row   8]               0.0000               0.0000               0.0771               0.0000               0.0000               0.0000               0.0000               1.0000               0.0000               0.0000
[Row   9]               0.0169               0.2063               0.0000              -0.2318               0.0000               0.0000               0.0000               0.0000               1.0000               0.0000
[Row  10]               0.0000               0.0000               0.0000               0.0000               0.0771               0.0000               0.0000               0.0000               0.0000               1.0000
[Row  11]               0.0517               0.4628               0.3330               0.0582               0.1883               0.0066               0.0966               0.0466               0.0896               0.0263
[Row  12]               0.0066               0.0966              -0.0466              -0.0896               0.0263               0.0517               0.4628              -0.3330              -0.0582               0.1883
                  [Col 11]              [Col 12]
[Row   1]               0.0517               0.0066
[Row   2]               0.4628               0.0966
[Row   3]               0.3330              -0.0466
[Row   4]               0.0582              -0.0896
[Row   5]               0.1883               0.0263
[Row   6]               0.0066               0.0517
[Row   7]               0.0966               0.4628
[Row   8]               0.0466              -0.3330
[Row   9]               0.0896              -0.0582
[Row  10]               0.0263               0.1883
[Row  11]               1.0000               0.0560
[Row  12]               0.0560               1.0000
===== After load P check zeros ===== 
 [[ 1.99988274e+00  4.74896489e-01  4.41709765e-03 -4.16862084e-03
   2.42506119e-03  3.46884593e-05  1.72068568e-02 -4.10557848e-04
   2.81485919e-02  3.95396966e-05  9.65431110e-02  1.32198813e-02]
 [ 4.74896489e-01  1.97948713e+00 -4.41011071e-02  8.14254462e-02
  -2.40824546e-02  1.72068568e-02  3.35298282e-01 -2.90312337e-04
   5.06574820e-01  1.71629291e-03  9.96628800e-01  1.83704361e-01]
 [ 4.41709765e-03 -4.41011071e-02  1.74005441e+00 -6.34949617e-02
  -1.45700724e-01  4.10557848e-04  2.90312337e-04  1.76591115e-01
   1.74191558e-02  1.60800969e-03  1.04423305e+00 -7.50954707e-02]
 [-4.16862084e-03  8.14254462e-02 -6.34949617e-02  1.33105623e+00
  -4.10313263e-02 -2.81485919e-02 -5.06574820e-01  1.74191558e-02
  -1.10928518e+00 -2.76717783e-04  1.61309704e-01 -1.10494300e-01]
 [ 2.42506119e-03 -2.40824546e-02 -1.45700724e-01 -4.10313263e-02
   1.91750567e+00  3.95396966e-05  1.71629291e-03 -1.60800969e-03
   2.76717783e-04  1.63220705e-01  5.88965116e-01  4.26288860e-02]
 [ 3.46884593e-05  1.72068568e-02  4.10557848e-04 -2.81485919e-02
   3.95396966e-05  1.99988274e+00  4.74896489e-01 -4.41709765e-03
   4.16862084e-03  2.42506119e-03  1.32198813e-02  9.65431110e-02]
 [ 1.72068568e-02  3.35298282e-01  2.90312337e-04 -5.06574820e-01
   1.71629291e-03  4.74896489e-01  1.97948713e+00  4.41011071e-02
  -8.14254462e-02 -2.40824546e-02  1.83704361e-01  9.96628800e-01]
 [-4.10557848e-04 -2.90312337e-04  1.76591115e-01  1.74191558e-02
  -1.60800969e-03 -4.41709765e-03  4.41011071e-02  1.74005441e+00
  -6.34949617e-02  1.45700724e-01  7.50954707e-02 -1.04423305e+00]
 [ 2.81485919e-02  5.06574820e-01  1.74191558e-02 -1.10928518e+00
   2.76717783e-04  4.16862084e-03 -8.14254462e-02 -6.34949617e-02
   1.33105623e+00  4.10313263e-02  1.10494300e-01 -1.61309704e-01]
 [ 3.95396966e-05  1.71629291e-03  1.60800969e-03 -2.76717783e-04
   1.63220705e-01  2.42506119e-03 -2.40824546e-02  1.45700724e-01
   4.10313263e-02  1.91750567e+00  4.26288860e-02  5.88965116e-01]
 [ 9.65431110e-02  9.96628800e-01  1.04423305e+00  1.61309704e-01
   5.88965116e-01  1.32198813e-02  1.83704361e-01  7.50954707e-02
   1.10494300e-01  4.26288860e-02  1.44568264e+00  1.10178960e-01]
 [ 1.32198813e-02  1.83704361e-01 -7.50954707e-02 -1.10494300e-01
   4.26288860e-02  9.65431110e-02  9.96628800e-01 -1.04423305e+00
  -1.61309704e-01  5.88965116e-01  1.10178960e-01  1.44568264e+00]]
lctrl 0 ntrue 2
lctrl 1 ntrue 3
lctrl 1
===== cA before average ===== 
 [[ 1.74005441 -0.06349496 -0.14570072]
 [-0.06349496  1.33105623 -0.04103133]
 [-0.14570072 -0.04103133  1.91750567]]
===== cB before average ===== 
 [[1. 0. 0.]
 [0. 1. 0.]
 [0. 0. 1.]]
===== cA after average ===== 
 [[1.53085872 0.         0.        ]
 [0.         1.22652995 0.        ]
 [0.         0.         1.73077362]]
===== cB after average ===== 
 [[1. 0. 0.]
 [0. 1. 0.]
 [0. 0. 1.]]
lctrl 0 ntrue 2
lctrl 1 ntrue 3
lctrl 1
===== cA before average ===== 
 [[ 1.74005441 -0.06349496  0.14570072]
 [-0.06349496  1.33105623  0.04103133]
 [ 0.14570072  0.04103133  1.91750567]]
===== cB before average ===== 
 [[1. 0. 0.]
 [0. 1. 0.]
 [0. 0. 1.]]
===== cA after average ===== 
 [[1.82226017 0.         0.        ]
 [0.         1.3085926  0.        ]
 [0.         0.         2.10423772]]
===== cB after average ===== 
 [[1. 0. 0.]
 [0. 1. 0.]
 [0. 0. 1.]]
lctrl 0 ntrue 1
lctrl 0 ntrue 1
N_functions in (iatom,l):( 0 0 ) block =  2
===== iatom,lblock eigvals ===== 0 0 
 [1.99999112 1.97740771]
===== iatom,lblock eigvecs ===== 0 0 
 [[-0.98072006  0.3123179 ]
 [-0.0713021  -1.02677666]]
N_functions in (iatom,l):( 0 1 ) block =  3
eigvecs before 
 [[0. 1. 0.]
 [0. 0. 1.]
 [1. 0. 0.]]
mlMap 
 [[0. 0. 1.]
 [1. 0. 0.]
 [0. 1. 0.]]
eigvecs after 
 [[1. 0. 0.]
 [0. 1. 0.]
 [0. 0. 1.]]
===== iatom,lblock eigvals ===== 0 1 
 [1.73077362 1.53085872 1.22652995]
===== iatom,lblock eigvecs ===== 0 1 
 [[1. 0. 0.]
 [0. 1. 0.]
 [0. 0. 1.]]
N_functions in (iatom,l):( 1 0 ) block =  2
===== iatom,lblock eigvals ===== 1 0 
