molecule mol33.xyz
System:, atNum: 7 coords [ 0.          1.35863561 -0.14680715]
System:, atNum: 7 coords [ 0.         -1.35863561 -0.14680715]
System:, atNum: 1 coords [0.39888717 2.065002   1.60227422]
System:, atNum: 1 coords [-1.79186477  1.89922389 -0.57462414]
System:, atNum: 1 coords [-0.39888717 -2.065002    1.60227422]
System:, atNum: 1 coords [ 1.79186477 -1.89922389 -0.57462414]
===== Original AO-S matrix =====

                  [Col  1]              [Col  2]              [Col  3]              [Col  4]              [Col  5]              [Col  6]              [Col  7]              [Col  8]              [Col  9]              [Col 10]
[Row   1]               1.0000               0.2350               0.0000               0.0000              -0.0000               0.0000               0.0199               0.0000               0.0000               0.0340
[Row   2]               0.2350               1.0000               0.0000               0.0000              -0.0000               0.0199               0.2604               0.0000               0.0000               0.3034
[Row   3]               0.0000               0.0000               1.0000               0.0000              -0.0000              -0.0000               0.0000               0.1383               0.0000              -0.0000
[Row   4]               0.0000               0.0000               0.0000               1.0000               0.0000               0.0000               0.0000               0.0000               0.1383               0.0000
[Row   5]              -0.0000              -0.0000              -0.0000               0.0000               1.0000              -0.0340              -0.3034               0.0000               0.0000              -0.2984
[Row   6]               0.0000               0.0199              -0.0000               0.0000              -0.0340               1.0000               0.2350               0.0000               0.0000               0.0000
[Row   7]               0.0199               0.2604               0.0000               0.0000              -0.3034               0.2350               1.0000               0.0000               0.0000               0.0000
[Row   8]               0.0000               0.0000               0.1383               0.0000               0.0000               0.0000               0.0000               1.0000               0.0000               0.0000
[Row   9]               0.0000               0.0000               0.0000               0.1383               0.0000               0.0000               0.0000               0.0000               1.0000               0.0000
[Row  10]               0.0340               0.3034              -0.0000               0.0000              -0.2984               0.0000               0.0000               0.0000               0.0000               1.0000
[Row  11]               0.0573               0.4898               0.3963               0.0904               0.1600               0.0055               0.0927               0.0504               0.0115               0.0987
[Row  12]               0.0579               0.4924              -0.0977              -0.4091               0.1234               0.0065               0.1049              -0.0142              -0.0595               0.1081
[Row  13]               0.0055               0.0927               0.0504              -0.0115              -0.0987               0.0573               0.4898               0.3963              -0.0904              -0.1600
[Row  14]               0.0065               0.1049              -0.0142               0.0595              -0.1081               0.0579               0.4924              -0.0977               0.4091              -0.1234
                  [Col 11]              [Col 12]              [Col 13]              [Col 14]
[Row   1]               0.0573               0.0579               0.0055               0.0065
[Row   2]               0.4898               0.4924               0.0927               0.1049
[Row   3]               0.3963              -0.0977               0.0504              -0.0142
[Row   4]               0.0904              -0.4091              -0.0115               0.0595
[Row   5]               0.1600               0.1234              -0.0987              -0.1081
[Row   6]               0.0055               0.0065               0.0573               0.0579
[Row   7]               0.0927               0.1049               0.4898               0.4924
[Row   8]               0.0504              -0.0142               0.3963              -0.0977
[Row   9]               0.0115              -0.0595              -0.0904               0.4091
[Row  10]               0.0987               0.1081              -0.1600              -0.1234
[Row  11]               1.0000               0.2104               0.0813               0.0491
[Row  12]               0.2104               1.0000               0.0491               0.0297
[Row  13]               0.0813               0.0491               1.0000               0.2104
[Row  14]               0.0491               0.0297               0.2104               1.0000
nbas 14
 ===== CA ===== 

                  [Col  1]              [Col  2]              [Col  3]              [Col  4]              [Col  5]              [Col  6]              [Col  7]              [Col  8]              [Col  9]              [Col 10]
[Row   1]               0.7022               0.7028               0.1612               0.1491               0.0199               0.0230               0.0060               0.0651               0.0492               0.1452
[Row   2]               0.0249               0.0187              -0.5219              -0.5365              -0.0942              -0.1002              -0.0479              -0.3239              -0.2529              -0.9059
[Row   3]               0.0023               0.0021              -0.0605              -0.0750               0.3955              -0.1601              -0.0766               0.5065               0.3414              -0.2053
[Row   4]              -0.0021              -0.0024               0.0464               0.0887               0.1062              -0.4054              -0.2104              -0.3191              -0.4803               0.1561
[Row   5]              -0.0034               0.0020               0.0845              -0.1202               0.1642              -0.0412               0.4769              -0.1108              -0.2718               0.6138
[Row   6]              -0.7022               0.7028               0.1612              -0.1491               0.0199              -0.0230               0.0060              -0.0651               0.0492              -0.1452
[Row   7]              -0.0249               0.0187              -0.5219               0.5365              -0.0942               0.1002              -0.0479               0.3239              -0.2529               0.9059
[Row   8]              -0.0023               0.0021              -0.0605               0.0750               0.3955               0.1601              -0.0766              -0.5065               0.3414               0.2053
[Row   9]              -0.0021               0.0024              -0.0464               0.0887              -0.1062              -0.4054               0.2104              -0.3191               0.4803               0.1561
[Row  10]              -0.0034              -0.0020              -0.0845              -0.1202              -0.1642              -0.0412              -0.4769              -0.1108               0.2718               0.6138
[Row  11]              -0.0048              -0.0047              -0.0921              -0.1691               0.3363              -0.2557               0.0472               0.2672              -0.0672               0.3833
[Row  12]              -0.0046              -0.0049              -0.0870              -0.1685              -0.1567               0.2866               0.3115              -0.0308               0.2009               0.3668
[Row  13]               0.0048              -0.0047              -0.0921               0.1691               0.3363               0.2557               0.0472              -0.2672              -0.0672              -0.3833
[Row  14]               0.0046              -0.0049              -0.0870               0.1685              -0.1567              -0.2866               0.3115               0.0308               0.2009              -0.3668
                  [Col 11]              [Col 12]              [Col 13]              [Col 14]
[Row   1]               0.0970               0.0327               0.0429               0.0152
[Row   2]              -0.6657              -0.2596              -0.2991              -0.1313
[Row   3]              -0.4508               0.0992               0.3092              -0.6327
[Row   4]               0.0545               0.4888               0.6664              -0.2532
[Row   5]              -0.3156              -0.5643              -0.0990              -0.4286
[Row   6]               0.0970              -0.0327               0.0429              -0.0152
[Row   7]              -0.6657               0.2596              -0.2991               0.1313
[Row   8]              -0.4508              -0.0992               0.3092               0.6327
[Row   9]              -0.0545               0.4888              -0.6664              -0.2532
[Row  10]               0.3156              -0.5643               0.0990              -0.4286
[Row  11]               0.7963               0.0860              -0.2886               0.7807
[Row  12]               0.2871               0.7783               0.7928              -0.2267
[Row  13]               0.7963              -0.0860              -0.2886              -0.7807
[Row  14]               0.2871              -0.7783               0.7928               0.2267
 ===== CB ===== 

                  [Col  1]              [Col  2]              [Col  3]              [Col  4]              [Col  5]              [Col  6]              [Col  7]              [Col  8]              [Col  9]              [Col 10]
[Row   1]               0.7022               0.7028               0.1612               0.1491               0.0199               0.0230               0.0060               0.0651               0.0492               0.1452
[Row   2]               0.0249               0.0187              -0.5219              -0.5365              -0.0942              -0.1002              -0.0479              -0.3239              -0.2529              -0.9059
[Row   3]               0.0023               0.0021              -0.0605              -0.0750               0.3955              -0.1601              -0.0766               0.5065               0.3414              -0.2053
[Row   4]              -0.0021              -0.0024               0.0464               0.0887               0.1062              -0.4054              -0.2104              -0.3191              -0.4803               0.1561
[Row   5]              -0.0034               0.0020               0.0845              -0.1202               0.1642              -0.0412               0.4769              -0.1108              -0.2718               0.6138
[Row   6]              -0.7022               0.7028               0.1612              -0.1491               0.0199              -0.0230               0.0060              -0.0651               0.0492              -0.1452
[Row   7]              -0.0249               0.0187              -0.5219               0.5365              -0.0942               0.1002              -0.0479               0.3239              -0.2529               0.9059
[Row   8]              -0.0023               0.0021              -0.0605               0.0750               0.3955               0.1601              -0.0766              -0.5065               0.3414               0.2053
[Row   9]              -0.0021               0.0024              -0.0464               0.0887              -0.1062              -0.4054               0.2104              -0.3191               0.4803               0.1561
[Row  10]              -0.0034              -0.0020              -0.0845              -0.1202              -0.1642              -0.0412              -0.4769              -0.1108               0.2718               0.6138
[Row  11]              -0.0048              -0.0047              -0.0921              -0.1691               0.3363              -0.2557               0.0472               0.2672              -0.0672               0.3833
[Row  12]              -0.0046              -0.0049              -0.0870              -0.1685              -0.1567               0.2866               0.3115              -0.0308               0.2009               0.3668
[Row  13]               0.0048              -0.0047              -0.0921               0.1691               0.3363               0.2557               0.0472              -0.2672              -0.0672              -0.3833
[Row  14]               0.0046              -0.0049              -0.0870               0.1685              -0.1567              -0.2866               0.3115               0.0308               0.2009              -0.3668
                  [Col 11]              [Col 12]              [Col 13]              [Col 14]
[Row   1]               0.0970               0.0327               0.0429               0.0152
[Row   2]              -0.6657              -0.2596              -0.2991              -0.1313
[Row   3]              -0.4508               0.0992               0.3092              -0.6327
[Row   4]               0.0545               0.4888               0.6664              -0.2532
[Row   5]              -0.3156              -0.5643              -0.0990              -0.4286
[Row   6]               0.0970              -0.0327               0.0429              -0.0152
[Row   7]              -0.6657               0.2596              -0.2991               0.1313
[Row   8]              -0.4508              -0.0992               0.3092               0.6327
[Row   9]              -0.0545               0.4888              -0.6664              -0.2532
[Row  10]               0.3156              -0.5643               0.0990              -0.4286
[Row  11]               0.7963               0.0860              -0.2886               0.7807
[Row  12]               0.2871               0.7783               0.7928              -0.2267
[Row  13]               0.7963              -0.0860              -0.2886              -0.7807
[Row  14]               0.2871              -0.7783               0.7928               0.2267
 ===== P_psi ===== Dalpha+Dbeta 

                  [Col  1]              [Col  2]              [Col  3]              [Col  4]              [Col  5]              [Col  6]              [Col  7]              [Col  8]              [Col  9]              [Col 10]
[Row   1]               2.0857              -0.3430               0.0714              -0.0707              -0.0414               0.0055               0.0007              -0.0077              -0.0028              -0.0725
[Row   2]              -0.3430               1.5026              -0.3921               0.3873               0.1815               0.0007              -0.1111               0.0388              -0.0019               0.2361
[Row   3]               0.0714              -0.3921               1.1407              -0.4240              -0.2201              -0.0077               0.0388              -0.0107               0.0106               0.0580
[Row   4]              -0.0707               0.3873              -0.4240               1.1249               0.1859               0.0028               0.0019              -0.0106              -0.0289              -0.0203
[Row   5]              -0.0414               0.1815              -0.2201               0.1859               0.7277               0.0725              -0.2361              -0.0580              -0.0203              -0.6140
[Row   6]               0.0055               0.0007              -0.0077               0.0028               0.0725               2.0857              -0.3430               0.0714               0.0707               0.0414
[Row   7]               0.0007              -0.1111               0.0388               0.0019              -0.2361              -0.3430               1.5026              -0.3921              -0.3873              -0.1815
[Row   8]              -0.0077               0.0388              -0.0107              -0.0106              -0.0580               0.0714              -0.3921               1.1407               0.4240               0.2201
[Row   9]              -0.0028              -0.0019               0.0106              -0.0289              -0.0203               0.0707              -0.3873               0.4240               1.1249               0.1859
[Row  10]              -0.0725               0.2361               0.0580              -0.0203              -0.6140               0.0414              -0.1815               0.2201               0.1859               0.7277
[Row  11]              -0.0631               0.1215               0.6020               0.1145               0.1789               0.0052               0.0026              -0.1539              -0.1008              -0.1738
[Row  12]              -0.0653               0.1317              -0.1217              -0.6080               0.1454               0.0299              -0.1544               0.0737               0.1229              -0.0979
[Row  13]               0.0052               0.0026              -0.1539               0.1008               0.1738              -0.0631               0.1215               0.6020              -0.1145              -0.1789
[Row  14]               0.0299              -0.1544               0.0737              -0.1229               0.0979              -0.0653               0.1317              -0.1217               0.6080              -0.1454
                  [Col 11]              [Col 12]              [Col 13]              [Col 14]
[Row   1]              -0.0631              -0.0653               0.0052               0.0299
[Row   2]               0.1215               0.1317               0.0026              -0.1544
[Row   3]               0.6020              -0.1217              -0.1539               0.0737
[Row   4]               0.1145              -0.6080               0.1008              -0.1229
[Row   5]               0.1789               0.1454               0.1738               0.0979
[Row   6]               0.0052               0.0299              -0.0631              -0.0653
[Row   7]               0.0026              -0.1544               0.1215               0.1317
[Row   8]              -0.1539               0.0737               0.6020              -0.1217
[Row   9]              -0.1008               0.1229              -0.1145               0.6080
[Row  10]              -0.1738              -0.0979              -0.1789              -0.1454
[Row  11]               0.5876              -0.1930              -0.0741               0.0190
[Row  12]              -0.1930               0.5620               0.0190               0.1161
[Row  13]              -0.0741               0.0190               0.5876              -0.1930
[Row  14]               0.0190               0.1161              -0.1930               0.5620
===== P_mu,nu local =====

                  [Col  1]              [Col  2]              [Col  3]              [Col  4]              [Col  5]              [Col  6]              [Col  7]              [Col  8]              [Col  9]              [Col 10]
[Row   1]               2.0857              -0.3430               0.0714              -0.0707              -0.0414               0.0055               0.0007              -0.0077              -0.0028              -0.0725
[Row   2]              -0.3430               1.5026              -0.3921               0.3873               0.1815               0.0007              -0.1111               0.0388              -0.0019               0.2361
[Row   3]               0.0714              -0.3921               1.1407              -0.4240              -0.2201              -0.0077               0.0388              -0.0107               0.0106               0.0580
[Row   4]              -0.0707               0.3873              -0.4240               1.1249               0.1859               0.0028               0.0019              -0.0106              -0.0289              -0.0203
[Row   5]              -0.0414               0.1815              -0.2201               0.1859               0.7277               0.0725              -0.2361              -0.0580              -0.0203              -0.6140
[Row   6]               0.0055               0.0007              -0.0077               0.0028               0.0725               2.0857              -0.3430               0.0714               0.0707               0.0414
[Row   7]               0.0007              -0.1111               0.0388               0.0019              -0.2361              -0.3430               1.5026              -0.3921              -0.3873              -0.1815
[Row   8]              -0.0077               0.0388              -0.0107              -0.0106              -0.0580               0.0714              -0.3921               1.1407               0.4240               0.2201
[Row   9]              -0.0028              -0.0019               0.0106              -0.0289              -0.0203               0.0707              -0.3873               0.4240               1.1249               0.1859
[Row  10]              -0.0725               0.2361               0.0580              -0.0203              -0.6140               0.0414              -0.1815               0.2201               0.1859               0.7277
[Row  11]              -0.0631               0.1215               0.6020               0.1145               0.1789               0.0052               0.0026              -0.1539              -0.1008              -0.1738
[Row  12]              -0.0653               0.1317              -0.1217              -0.6080               0.1454               0.0299              -0.1544               0.0737               0.1229              -0.0979
[Row  13]               0.0052               0.0026              -0.1539               0.1008               0.1738              -0.0631               0.1215               0.6020              -0.1145              -0.1789
[Row  14]               0.0299              -0.1544               0.0737              -0.1229               0.0979              -0.0653               0.1317              -0.1217               0.6080              -0.1454
                  [Col 11]              [Col 12]              [Col 13]              [Col 14]
[Row   1]              -0.0631              -0.0653               0.0052               0.0299
[Row   2]               0.1215               0.1317               0.0026              -0.1544
[Row   3]               0.6020              -0.1217              -0.1539               0.0737
[Row   4]               0.1145              -0.6080               0.1008              -0.1229
[Row   5]               0.1789               0.1454               0.1738               0.0979
[Row   6]               0.0052               0.0299              -0.0631              -0.0653
[Row   7]               0.0026              -0.1544               0.1215               0.1317
[Row   8]              -0.1539               0.0737               0.6020              -0.1217
[Row   9]              -0.1008               0.1229              -0.1145               0.6080
[Row  10]              -0.1738              -0.0979              -0.1789              -0.1454
[Row  11]               0.5876              -0.1930              -0.0741               0.0190
[Row  12]              -0.1930               0.5620               0.0190               0.1161
[Row  13]              -0.0741               0.0190               0.5876              -0.1930
[Row  14]               0.0190               0.1161              -0.1930               0.5620
===== P_mu,nu psi4 =====

                  [Col  1]              [Col  2]              [Col  3]              [Col  4]              [Col  5]              [Col  6]              [Col  7]              [Col  8]              [Col  9]              [Col 10]
[Row   1]               2.0857              -0.3430               0.0714              -0.0707              -0.0414               0.0055               0.0007              -0.0077              -0.0028              -0.0725
[Row   2]              -0.3430               1.5026              -0.3921               0.3873               0.1815               0.0007              -0.1111               0.0388              -0.0019               0.2361
[Row   3]               0.0714              -0.3921               1.1407              -0.4240              -0.2201              -0.0077               0.0388              -0.0107               0.0106               0.0580
[Row   4]              -0.0707               0.3873              -0.4240               1.1249               0.1859               0.0028               0.0019              -0.0106              -0.0289              -0.0203
[Row   5]              -0.0414               0.1815              -0.2201               0.1859               0.7277               0.0725              -0.2361              -0.0580              -0.0203              -0.6140
[Row   6]               0.0055               0.0007              -0.0077               0.0028               0.0725               2.0857              -0.3430               0.0714               0.0707               0.0414
[Row   7]               0.0007              -0.1111               0.0388               0.0019              -0.2361              -0.3430               1.5026              -0.3921              -0.3873              -0.1815
[Row   8]              -0.0077               0.0388              -0.0107              -0.0106              -0.0580               0.0714              -0.3921               1.1407               0.4240               0.2201
[Row   9]              -0.0028              -0.0019               0.0106              -0.0289              -0.0203               0.0707              -0.3873               0.4240               1.1249               0.1859
[Row  10]              -0.0725               0.2361               0.0580              -0.0203              -0.6140               0.0414              -0.1815               0.2201               0.1859               0.7277
[Row  11]              -0.0631               0.1215               0.6020               0.1145               0.1789               0.0052               0.0026              -0.1539              -0.1008              -0.1738
[Row  12]              -0.0653               0.1317              -0.1217              -0.6080               0.1454               0.0299              -0.1544               0.0737               0.1229              -0.0979
[Row  13]               0.0052               0.0026              -0.1539               0.1008               0.1738              -0.0631               0.1215               0.6020              -0.1145              -0.1789
[Row  14]               0.0299              -0.1544               0.0737              -0.1229               0.0979              -0.0653               0.1317              -0.1217               0.6080              -0.1454
                  [Col 11]              [Col 12]              [Col 13]              [Col 14]
[Row   1]              -0.0631              -0.0653               0.0052               0.0299
[Row   2]               0.1215               0.1317               0.0026              -0.1544
[Row   3]               0.6020              -0.1217              -0.1539               0.0737
[Row   4]               0.1145              -0.6080               0.1008              -0.1229
[Row   5]               0.1789               0.1454               0.1738               0.0979
[Row   6]               0.0052               0.0299              -0.0631              -0.0653
[Row   7]               0.0026              -0.1544               0.1215               0.1317
[Row   8]              -0.1539               0.0737               0.6020              -0.1217
[Row   9]              -0.1008               0.1229              -0.1145               0.6080
[Row  10]              -0.1738              -0.0979              -0.1789              -0.1454
[Row  11]               0.5876              -0.1930              -0.0741               0.0190
[Row  12]              -0.1930               0.5620               0.0190               0.1161
[Row  13]              -0.0741               0.0190               0.5876              -0.1930
[Row  14]               0.0190               0.1161              -0.1930               0.5620
====== P^(AO) = SPS =====

                  [Col  1]              [Col  2]              [Col  3]              [Col  4]              [Col  5]              [Col  6]              [Col  7]              [Col  8]              [Col  9]              [Col 10]
[Row   1]               1.9997               0.4745               0.0035              -0.0032              -0.0029               0.0001               0.0379              -0.0001               0.0002               0.0605
[Row   2]               0.4745               1.9334              -0.0459               0.0403               0.0683               0.0379               0.5560              -0.0007               0.0037               0.7332
[Row   3]               0.0035              -0.0459               1.7444              -0.1361              -0.0665              -0.0001              -0.0007               0.3162               0.0042               0.0291
[Row   4]              -0.0032               0.0403              -0.1361               1.7440               0.0663              -0.0002              -0.0037              -0.0042               0.3219               0.0111
[Row   5]              -0.0029               0.0683              -0.0665               0.0663               1.4888              -0.0605              -0.7332              -0.0291               0.0111              -1.0003
[Row   6]               0.0001               0.0379              -0.0001              -0.0002              -0.0605               1.9997               0.4745               0.0035               0.0032               0.0029
[Row   7]               0.0379               0.5560              -0.0007              -0.0037              -0.7332               0.4745               1.9334              -0.0459              -0.0403              -0.0683
[Row   8]              -0.0001              -0.0007               0.3162              -0.0042              -0.0291               0.0035              -0.0459               1.7444               0.1361               0.0665
[Row   9]               0.0002               0.0037               0.0042               0.3219               0.0111               0.0032              -0.0403               0.1361               1.7440               0.0663
[Row  10]               0.0605               0.7332               0.0291               0.0111              -1.0003               0.0029              -0.0683               0.0665               0.0663               1.4888
[Row  11]               0.1068               1.0842               1.1062               0.2506               0.4327               0.0112               0.1816               0.0933               0.0031               0.1136
[Row  12]               0.1079               1.0886              -0.2661              -1.1337               0.3427               0.0137               0.1880              -0.0127              -0.1040               0.1721
[Row  13]               0.0112               0.1816               0.0933              -0.0031              -0.1136               0.1068               1.0842               1.1062              -0.2506              -0.4327
[Row  14]               0.0137               0.1880              -0.0127               0.1040              -0.1721               0.1079               1.0886              -0.2661               1.1337              -0.3427
                  [Col 11]              [Col 12]              [Col 13]              [Col 14]
[Row   1]               0.1068               0.1079               0.0112               0.0137
[Row   2]               1.0842               1.0886               0.1816               0.1880
[Row   3]               1.1062              -0.2661               0.0933              -0.0127
[Row   4]               0.2506              -1.1337              -0.0031               0.1040
[Row   5]               0.4327               0.3427              -0.1136              -0.1721
[Row   6]               0.0112               0.0137               0.1068               0.1079
[Row   7]               0.1816               0.1880               1.0842               1.0886
[Row   8]               0.0933              -0.0127               1.1062              -0.2661
[Row   9]               0.0031              -0.1040              -0.2506               1.1337
[Row  10]               0.1136               0.1721              -0.4327              -0.3427
[Row  11]               1.5486               0.3456               0.1238               0.0985
[Row  12]               0.3456               1.5421               0.0985               0.0901
[Row  13]               0.1238               0.0985               1.5486               0.3456
[Row  14]               0.0985               0.0901               0.3456               1.5421
====== S^(AO) = S =====

                  [Col  1]              [Col  2]              [Col  3]              [Col  4]              [Col  5]              [Col  6]              [Col  7]              [Col  8]              [Col  9]              [Col 10]
[Row   1]               1.0000               0.2350               0.0000               0.0000               0.0000               0.0000               0.0199               0.0000               0.0000               0.0340
[Row   2]               0.2350               1.0000               0.0000               0.0000               0.0000               0.0199               0.2604               0.0000               0.0000               0.3034
[Row   3]               0.0000               0.0000               1.0000               0.0000               0.0000               0.0000               0.0000               0.1383               0.0000               0.0000
[Row   4]               0.0000               0.0000               0.0000               1.0000               0.0000               0.0000               0.0000               0.0000               0.1383               0.0000
[Row   5]               0.0000               0.0000               0.0000               0.0000               1.0000              -0.0340              -0.3034               0.0000               0.0000              -0.2984
[Row   6]               0.0000               0.0199               0.0000               0.0000              -0.0340               1.0000               0.2350               0.0000               0.0000               0.0000
[Row   7]               0.0199               0.2604               0.0000               0.0000              -0.3034               0.2350               1.0000               0.0000               0.0000               0.0000
[Row   8]               0.0000               0.0000               0.1383               0.0000               0.0000               0.0000               0.0000               1.0000               0.0000               0.0000
[Row   9]               0.0000               0.0000               0.0000               0.1383               0.0000               0.0000               0.0000               0.0000               1.0000               0.0000
[Row  10]               0.0340               0.3034               0.0000               0.0000              -0.2984               0.0000               0.0000               0.0000               0.0000               1.0000
[Row  11]               0.0573               0.4898               0.3963               0.0904               0.1600               0.0055               0.0927               0.0504               0.0115               0.0987
[Row  12]               0.0579               0.4924              -0.0977              -0.4091               0.1234               0.0065               0.1049              -0.0142              -0.0595               0.1081
[Row  13]               0.0055               0.0927               0.0504              -0.0115              -0.0987               0.0573               0.4898               0.3963              -0.0904              -0.1600
[Row  14]               0.0065               0.1049              -0.0142               0.0595              -0.1081               0.0579               0.4924              -0.0977               0.4091              -0.1234
                  [Col 11]              [Col 12]              [Col 13]              [Col 14]
[Row   1]               0.0573               0.0579               0.0055               0.0065
[Row   2]               0.4898               0.4924               0.0927               0.1049
[Row   3]               0.3963              -0.0977               0.0504              -0.0142
[Row   4]               0.0904              -0.4091              -0.0115               0.0595
[Row   5]               0.1600               0.1234              -0.0987              -0.1081
[Row   6]               0.0055               0.0065               0.0573               0.0579
[Row   7]               0.0927               0.1049               0.4898               0.4924
[Row   8]               0.0504              -0.0142               0.3963              -0.0977
[Row   9]               0.0115              -0.0595              -0.0904               0.4091
[Row  10]               0.0987               0.1081              -0.1600              -0.1234
[Row  11]               1.0000               0.2104               0.0813               0.0491
[Row  12]               0.2104               1.0000               0.0491               0.0297
[Row  13]               0.0813               0.0491               1.0000               0.2104
[Row  14]               0.0491               0.0297               0.2104               1.0000
====== P^(AO) std gaussian m_l ordering SPS =====

                  [Col  1]              [Col  2]              [Col  3]              [Col  4]              [Col  5]              [Col  6]              [Col  7]              [Col  8]              [Col  9]              [Col 10]
[Row   1]               1.9997               0.4745              -0.0032              -0.0029               0.0035               0.0001               0.0379               0.0002               0.0605              -0.0001
[Row   2]               0.4745               1.9334               0.0403               0.0683              -0.0459               0.0379               0.5560               0.0037               0.7332              -0.0007
[Row   3]              -0.0032               0.0403               1.7440               0.0663              -0.1361              -0.0002              -0.0037               0.3219               0.0111              -0.0042
[Row   4]              -0.0029               0.0683               0.0663               1.4888              -0.0665              -0.0605              -0.7332               0.0111              -1.0003              -0.0291
[Row   5]               0.0035              -0.0459              -0.1361              -0.0665               1.7444              -0.0001              -0.0007               0.0042               0.0291               0.3162
[Row   6]               0.0001               0.0379              -0.0002              -0.0605              -0.0001               1.9997               0.4745               0.0032               0.0029               0.0035
