 Entering Gaussian System, Link 0=g16
 Initial command:
 /cluster/software/Gaussian/g16_C.01/l1.exe "/cluster/work/users/beto93/CH3CH3/Gau-1555167.inp" -scrdir="/cluster/work/users/beto93/CH3CH3/"
 Entering Link 1 = /cluster/software/Gaussian/g16_C.01/l1.exe PID=   1555209.
  
 Copyright (c) 1988-2019, Gaussian, Inc.  All Rights Reserved.
  
 This is part of the Gaussian(R) 16 program.  It is based on
 the Gaussian(R) 09 system (copyright 2009, Gaussian, Inc.),
 the Gaussian(R) 03 system (copyright 2003, Gaussian, Inc.),
 the Gaussian(R) 98 system (copyright 1998, Gaussian, Inc.),
 the Gaussian(R) 94 system (copyright 1995, Gaussian, Inc.),
 the Gaussian 92(TM) system (copyright 1992, Gaussian, Inc.),
 the Gaussian 90(TM) system (copyright 1990, Gaussian, Inc.),
 the Gaussian 88(TM) system (copyright 1988, Gaussian, Inc.),
 the Gaussian 86(TM) system (copyright 1986, Carnegie Mellon
 University), and the Gaussian 82(TM) system (copyright 1983,
 Carnegie Mellon University). Gaussian is a federally registered
 trademark of Gaussian, Inc.
  
 This software contains proprietary and confidential information,
 including trade secrets, belonging to Gaussian, Inc.
  
 This software is provided under written license and may be
 used, copied, transmitted, or stored only in accord with that
 written license.
  
 The following legend is applicable only to US Government
 contracts under FAR:
  
                    RESTRICTED RIGHTS LEGEND
  
 Use, reproduction and disclosure by the US Government is
 subject to restrictions as set forth in subparagraphs (a)
 and (c) of the Commercial Computer Software - Restricted
 Rights clause in FAR 52.227-19.
  
 Gaussian, Inc.
 340 Quinnipiac St., Bldg. 40, Wallingford CT 06492
  
  
 ---------------------------------------------------------------
 Warning -- This program may not be used in any manner that
 competes with the business of Gaussian, Inc. or will provide
 assistance to any competitor of Gaussian, Inc.  The licensee
 of this program is prohibited from giving any competitor of
 Gaussian, Inc. access to this program.  By using this program,
 the user acknowledges that Gaussian, Inc. is engaged in the
 business of creating and licensing software in the field of
 computational chemistry and represents and warrants to the
 licensee that it is not a competitor of Gaussian, Inc. and that
 it will not use this program in any manner prohibited above.
 ---------------------------------------------------------------
  

 Cite this work as:
 Gaussian 16, Revision C.01,
 M. J. Frisch, G. W. Trucks, H. B. Schlegel, G. E. Scuseria, 
 M. A. Robb, J. R. Cheeseman, G. Scalmani, V. Barone, 
 G. A. Petersson, H. Nakatsuji, X. Li, M. Caricato, A. V. Marenich, 
 J. Bloino, B. G. Janesko, R. Gomperts, B. Mennucci, H. P. Hratchian, 
 J. V. Ortiz, A. F. Izmaylov, J. L. Sonnenberg, D. Williams-Young, 
 F. Ding, F. Lipparini, F. Egidi, J. Goings, B. Peng, A. Petrone, 
 T. Henderson, D. Ranasinghe, V. G. Zakrzewski, J. Gao, N. Rega, 
 G. Zheng, W. Liang, M. Hada, M. Ehara, K. Toyota, R. Fukuda, 
 J. Hasegawa, M. Ishida, T. Nakajima, Y. Honda, O. Kitao, H. Nakai, 
 T. Vreven, K. Throssell, J. A. Montgomery, Jr., J. E. Peralta, 
 F. Ogliaro, M. J. Bearpark, J. J. Heyd, E. N. Brothers, K. N. Kudin, 
 V. N. Staroverov, T. A. Keith, R. Kobayashi, J. Normand, 
 K. Raghavachari, A. P. Rendell, J. C. Burant, S. S. Iyengar, 
 J. Tomasi, M. Cossi, J. M. Millam, M. Klene, C. Adamo, R. Cammi, 
 J. W. Ochterski, R. L. Martin, K. Morokuma, O. Farkas, 
 J. B. Foresman, and D. J. Fox, Gaussian, Inc., Wallingford CT, 2019.
 
 ******************************************
 Gaussian 16:  ES64L-G16RevC.01  3-Jul-2019
                24-Jul-2024 
 ******************************************
 %LindaWorkers=c1-1-ib
 %NProcShared=4
 Will use up to    4 processors via shared memory.
 %mem=25GB
 %chk=CH3CH3.chk
 SetLPE:    new flags="-opt 'Tsnet.Node.lindarsharg: ssh'  -nodelist 'c1-1-ib.saga' -env GAUSS_MDEF=3355443200 -env GAUSS_EXEDIR="/cluster/software/Gaussian/g16_C.01/bsd:/cluster/software/Gaussian/g16_C.01""
 Will use up to    1 processors via Linda.
 ----------------------------------------------------
 #OPT=VeryTight Int=UltraFine RHF/STO-3G Pop=NBO7Read
 ----------------------------------------------------
 1/7=1,18=20,19=15,38=1,163=2/1,3;
 2/9=110,12=2,17=6,18=5,40=1/2;
 3/6=3,11=1,25=1,30=1,71=1,75=-5,116=1/1,2,3;
 4//1;
 5/5=2,38=5/2;
 6/7=2,8=2,9=2,10=2,28=1,40=2,113=1,114=1,124=2103/1,12;
 7//1,2,3,16;
 1/7=1,18=20,19=15/3(2);
 2/9=110/2;
 99//99;
 2/9=110/2;
 3/6=3,11=1,25=1,30=1,71=1,75=-5,116=1/1,2,3;
 4/5=5,16=3,69=1/1;
 5/5=2,38=5/2;
 7//1,2,3,16;
 1/7=1,18=20,19=15/3(-5);
 2/9=110/2;
 6/7=2,8=2,9=2,10=2,19=2,28=1,40=2,113=1,114=1,124=2103/1,12;
 99/9=1/99;
 ----------
 NBO-CH3CH3
 ----------
 Symbolic Z-matrix:
 Charge =  0 Multiplicity = 1
 C                     0.        0.        0. 
 H                     0.        0.        1.07 
 H                     1.00881   0.       -0.35666 
 H                    -0.5044    0.87365  -0.35667 
 C                    -0.70711  -1.22474  -0.5 
 H                    -1.71591  -1.22474  -0.14334 
 H                    -0.7071   -1.22474  -1.57 
 H                    -0.2027   -2.0984   -0.14333 
 

 GradGradGradGradGradGradGradGradGradGradGradGradGradGradGradGradGradGrad
 Berny optimization.
 Initialization pass.
                           ----------------------------
                           !    Initial Parameters    !
                           ! (Angstroms and Degrees)  !
 --------------------------                            --------------------------
 ! Name  Definition              Value          Derivative Info.                !
 --------------------------------------------------------------------------------
 ! R1    R(1,2)                  1.07           estimate D2E/DX2                !
 ! R2    R(1,3)                  1.07           estimate D2E/DX2                !
 ! R3    R(1,4)                  1.07           estimate D2E/DX2                !
 ! R4    R(1,5)                  1.5            estimate D2E/DX2                !
 ! R5    R(5,6)                  1.07           estimate D2E/DX2                !
 ! R6    R(5,7)                  1.07           estimate D2E/DX2                !
 ! R7    R(5,8)                  1.07           estimate D2E/DX2                !
 ! A1    A(2,1,3)              109.471          estimate D2E/DX2                !
 ! A2    A(2,1,4)              109.4714         estimate D2E/DX2                !
 ! A3    A(2,1,5)              109.4713         estimate D2E/DX2                !
 ! A4    A(3,1,4)              109.4712         estimate D2E/DX2                !
 ! A5    A(3,1,5)              109.4712         estimate D2E/DX2                !
 ! A6    A(4,1,5)              109.4712         estimate D2E/DX2                !
 ! A7    A(1,5,6)              109.4712         estimate D2E/DX2                !
 ! A8    A(1,5,7)              109.4712         estimate D2E/DX2                !
 ! A9    A(1,5,8)              109.4712         estimate D2E/DX2                !
 ! A10   A(6,5,7)              109.4711         estimate D2E/DX2                !
 ! A11   A(6,5,8)              109.4712         estimate D2E/DX2                !
 ! A12   A(7,5,8)              109.4714         estimate D2E/DX2                !
 ! D1    D(2,1,5,6)             60.0002         estimate D2E/DX2                !
 ! D2    D(2,1,5,7)            180.0            estimate D2E/DX2                !
 ! D3    D(2,1,5,8)            -59.9998         estimate D2E/DX2                !
 ! D4    D(3,1,5,6)            180.0            estimate D2E/DX2                !
 ! D5    D(3,1,5,7)            -60.0002         estimate D2E/DX2                !
 ! D6    D(3,1,5,8)             60.0            estimate D2E/DX2                !
 ! D7    D(4,1,5,6)            -60.0            estimate D2E/DX2                !
 ! D8    D(4,1,5,7)             59.9998         estimate D2E/DX2                !
 ! D9    D(4,1,5,8)            180.0            estimate D2E/DX2                !
 --------------------------------------------------------------------------------
 Trust Radius=3.00D-01 FncErr=1.00D-07 GrdErr=1.00D-07 EigMax=2.50D+02 EigMin=1.00D-04
 Number of steps in this run=     38 maximum allowed number of steps=    100.
 GradGradGradGradGradGradGradGradGradGradGradGradGradGradGradGradGradGrad

                          Input orientation:                          
 ---------------------------------------------------------------------
 Center     Atomic      Atomic             Coordinates (Angstroms)
 Number     Number       Type             X           Y           Z
 ---------------------------------------------------------------------
      1          6           0        0.000000    0.000000    0.000000
      2          1           0        0.000000    0.000000    1.070000
      3          1           0        1.008807    0.000000   -0.356663
      4          1           0       -0.504401    0.873651   -0.356669
      5          6           0       -0.707105   -1.224745   -0.500003
      6          1           0       -1.715912   -1.224745   -0.143340
      7          1           0       -0.707104   -1.224743   -1.570003
      8          1           0       -0.202703   -2.098396   -0.143334
 ---------------------------------------------------------------------
                    Distance matrix (angstroms):
                    1          2          3          4          5
     1  C    0.000000
     2  H    1.070000   0.000000
     3  H    1.070000   1.747300   0.000000
     4  H    1.070000   1.747304   1.747302   0.000000
     5  C    1.500000   2.113033   2.113031   2.113031   0.000000
     6  H    2.113031   2.432396   2.994929   2.432393   1.070000
     7  H    2.113031   2.994930   2.432394   2.432391   1.070000
     8  H    2.113031   2.432393   2.432392   2.994929   1.070000
                    6          7          8
     6  H    0.000000
     7  H    1.747301   0.000000
     8  H    1.747303   1.747305   0.000000
 This structure is nearly, but not quite of a higher symmetry.
 Consider Symm=Loose if the higher symmetry is desired.
 Stoichiometry    C2H6
 Framework group  C1[X(C2H6)]
 Deg. of freedom    18
 Full point group                 C1      NOp   1
 Largest Abelian subgroup         C1      NOp   1
 Largest concise Abelian subgroup C1      NOp   1
                         Standard orientation:                         
 ---------------------------------------------------------------------
 Center     Atomic      Atomic             Coordinates (Angstroms)
 Number     Number       Type             X           Y           Z
 ---------------------------------------------------------------------
      1          6           0        0.535613   -0.174962    0.494982
      2          1           0        0.296012   -1.105474    0.965768
      3          1           0        1.474212   -0.262629   -0.011226
      4          1           0        0.600759    0.593603    1.236577
      5          6           0       -0.535613    0.174962   -0.494982
      6          1           0       -1.474212    0.262629    0.011226
      7          1           0       -0.296010    1.105474   -0.965766
      8          1           0       -0.600759   -0.593603   -1.236578
 ---------------------------------------------------------------------
 Rotational constants (GHZ):          82.1231959          21.0726271          21.0726141
 Standard basis: STO-3G (5D, 7F)
 There are    16 symmetry adapted cartesian basis functions of A   symmetry.
 There are    16 symmetry adapted basis functions of A   symmetry.
    16 basis functions,    48 primitive gaussians,    16 cartesian basis functions
     9 alpha electrons        9 beta electrons
       nuclear repulsion energy        43.1725290853 Hartrees.
 NAtoms=    8 NActive=    8 NUniq=    8 SFac= 1.00D+00 NAtFMM=   60 NAOKFM=F Big=F
 Integral buffers will be    131072 words long.
 Raffenetti 1 integral format.
 Two-electron integral symmetry is turned on.
 One-electron integrals computed using PRISM.
 NBasis=    16 RedAO= T EigKep=  1.93D-01  NBF=    16
 NBsUse=    16 1.00D-06 EigRej= -1.00D+00 NBFU=    16
 ExpMin= 1.69D-01 ExpMax= 7.16D+01 ExpMxC= 7.16D+01 IAcc=3 IRadAn=         5 AccDes= 0.00D+00
 Harris functional with IExCor=  205 and IRadAn=       5 diagonalized for initial guess.
 HarFok:  IExCor=  205 AccDes= 0.00D+00 IRadAn=         5 IDoV= 1 UseB2=F ITyADJ=14
 ICtDFT=  3500011 ScaDFX=  1.000000  1.000000  1.000000  1.000000
 FoFCou: FMM=F IPFlag=           0 FMFlag=      100000 FMFlg1=           0
         NFxFlg=           0 DoJE=T BraDBF=F KetDBF=T FulRan=T
         wScrn=  0.000000 ICntrl=       500 IOpCl=  0 I1Cent=   200000004 NGrid=           0
         NMat0=    1 NMatS0=      1 NMatT0=    0 NMatD0=    1 NMtDS0=    0 NMtDT0=    0
 Petite list used in FoFCou.
 Keep R1 ints in memory in canonical form, NReq=818384.
 Requested convergence on RMS density matrix=1.00D-08 within 128 cycles.
 Requested convergence on MAX density matrix=1.00D-06.
 Requested convergence on             energy=1.00D-06.
 No special actions if energy rises.
 SCF Done:  E(RHF) =  -78.3028682424     A.U. after    7 cycles
            NFock=  7  Conv=0.68D-08     -V/T= 2.0064

 **********************************************************************

            Population analysis using the SCF Density.

 **********************************************************************

 Orbital symmetries:
       Occupied  (A) (A) (A) (A) (A) (A) (A) (A) (A)
       Virtual   (A) (A) (A) (A) (A) (A) (A)
 The electronic state is 1-A.
 Alpha  occ. eigenvalues --  -11.03322 -11.03299  -0.99773  -0.81326  -0.58655
 Alpha  occ. eigenvalues --   -0.58655  -0.47579  -0.46379  -0.46379
 Alpha virt. eigenvalues --    0.67363   0.67363   0.71162   0.74407   0.80950
 Alpha virt. eigenvalues --    0.80950   0.81770
          Condensed to atoms (all electrons):
               1          2          3          4          5          6
     1  C    4.722143   0.389692   0.389692   0.389692   0.365442  -0.023148
     2  H    0.389692   0.618172  -0.021889  -0.021889  -0.023148  -0.002812
     3  H    0.389692  -0.021889   0.618173  -0.021889  -0.023148   0.002279
     4  H    0.389692  -0.021889  -0.021889   0.618172  -0.023148  -0.002812
     5  C    0.365442  -0.023148  -0.023148  -0.023148   4.722142   0.389692
     6  H   -0.023148  -0.002812   0.002279  -0.002812   0.389692   0.618172
     7  H   -0.023148   0.002279  -0.002812  -0.002812   0.389692  -0.021889
     8  H   -0.023148  -0.002812  -0.002812   0.002279   0.389692  -0.021889
               7          8
     1  C   -0.023148  -0.023148
     2  H    0.002279  -0.002812
     3  H   -0.002812  -0.002812
     4  H   -0.002812   0.002279
     5  C    0.389692   0.389692
     6  H   -0.021889  -0.021889
     7  H    0.618172  -0.021889
     8  H   -0.021889   0.618172
 Mulliken charges:
               1
     1  C   -0.187218
     2  H    0.062406
     3  H    0.062406
     4  H    0.062406
     5  C   -0.187217
     6  H    0.062406
     7  H    0.062406
     8  H    0.062406
 Sum of Mulliken charges =  -0.00000
 Mulliken charges with hydrogens summed into heavy atoms:
               1
     1  C   -0.000000
     5  C    0.000000
 Electronic spatial extent (au):  <R**2>=            103.8313
 Charge=             -0.0000 electrons
 Dipole moment (field-independent basis, Debye):
    X=              0.0000    Y=              0.0000    Z=             -0.0000  Tot=              0.0000
 Quadrupole moment (field-independent basis, Debye-Ang):
   XX=            -14.3282   YY=            -14.0069   ZZ=            -14.2757
   XY=              0.1175   XZ=             -0.3325   YZ=              0.1086
 Traceless Quadrupole moment (field-independent basis, Debye-Ang):
   XX=             -0.1246   YY=              0.1967   ZZ=             -0.0721
   XY=              0.1175   XZ=             -0.3325   YZ=              0.1086
 Octapole moment (field-independent basis, Debye-Ang**2):
  XXX=             -0.0000  YYY=              0.0000  ZZZ=              0.0000  XYY=              0.0000
  XXY=             -0.0000  XXZ=              0.0000  XZZ=              0.0000  YZZ=             -0.0000
  YYZ=             -0.0000  XYZ=             -0.0000
 Hexadecapole moment (field-independent basis, Debye-Ang**3):
 XXXX=            -51.2964 YYYY=            -27.4419 ZZZZ=            -48.8345 XXXY=              4.1382
 XXXZ=            -14.0142 YYYX=              4.7629 YYYZ=              3.4391 ZZZX=            -12.6119
 ZZZY=              4.8529 XXYY=            -14.0115 XXZZ=            -17.4391 YYZZ=            -11.6257
 XXYZ=              1.7339 YYXZ=             -4.0663 ZZXY=              1.9478
 N-N= 4.317252908534D+01 E-N=-2.678465129867D+02  KE= 7.780305098727D+01
 Running external command "gaunbo7 R"
         input file       "/cluster/work/users/beto93/CH3CH3/Gau-1555209.EIn"
         output file      "/cluster/work/users/beto93/CH3CH3/Gau-1555209.EOu"
         message file     "/cluster/work/users/beto93/CH3CH3/Gau-1555209.EMs"
         fchk file        "/cluster/work/users/beto93/CH3CH3/Gau-1555209.EFC"
         mat. el file     "/cluster/work/users/beto93/CH3CH3/Gau-1555209.EUF"

 Writing WrtUnf unformatted file "/cluster/work/users/beto93/CH3CH3/Gau-1555209.EUF"
 Gaussian matrix elements                                         Version   2 NLab=11 Len12L=8 Len4L=8
 Write SHELL TO ATOM MAP                   from file      0 offset           0 length                  10 to matrix element file.
 Write SHELL TYPES                         from file      0 offset           0 length                  10 to matrix element file.
 Write NUMBER OF PRIMITIVES PER SHELL      from file      0 offset           0 length                  10 to matrix element file.
 Write PRIMITIVE EXPONENTS                 from file      0 offset           0 length                  30 to matrix element file.
 Write CONTRACTION COEFFICIENTS            from file      0 offset           0 length                  30 to matrix element file.
 Write P(S=P) CONTRACTION COEFFICIENTS     from file      0 offset           0 length                  30 to matrix element file.
 Write COORDINATES OF EACH SHELL           from file      0 offset           0 length                  30 to matrix element file.
 Write BONDS PER ATOM                      from file      0 offset           0 length                   8 to matrix element file.
 Write BONDED ATOMS                        from file      0 offset           0 length                  14 to matrix element file.
 Write BOND TYPES                          from file      0 offset           0 length                  14 to matrix element file.
 Write ONIOM CHARGE/MULT                   from file      0 offset           0 length                  32 to matrix element file.
 Write ONIOM ATOM LAYERS                   from file      0 offset           0 length                   8 to matrix element file.
 Write ONIOM ATOM MODIFIERS                from file      0 offset           0 length                   8 to matrix element file.
 Write ONIOM ATOM TYPES                    from file      0 offset           0 length                   8 to matrix element file.
 Write ONIOM LINK ATOMS                    from file      0 offset           0 length                   8 to matrix element file.
 Write ONIOM LINK CHARGES                  from file      0 offset           0 length                   8 to matrix element file.
 Write ONIOM LINK DISTANCES                from file      0 offset           0 length                  32 to matrix element file.
 Write SYMINF INTS                         from file      0 offset           0 length                  26 to matrix element file.
 Write ROTTR TO SO                         from file      0 offset           0 length                  12 to matrix element file.
 Write GAUSSIAN SCALARS                    from file    501 offset           0 to matrix element file.
 Write OPTIMIZATION FLAGS                  from file      0 offset           0 length                   8 to matrix element file.
 Write INTEGER ISO                         from file      0 offset           0 length                   8 to matrix element file.
 Write INTEGER SPIN                        from file      0 offset           0 length                   8 to matrix element file.
 Write REAL ZEFFECTIVE                     from file      0 offset           0 length                   8 to matrix element file.
 Write REAL GFACTOR                        from file      0 offset           0 length                   8 to matrix element file.
 Write REAL ZNUCLEAR                       from file      0 offset           0 length                   8 to matrix element file.
 Write MULLIKEN CHARGES                    from file      0 offset           0 length                   8 to matrix element file.
 Write NUCLEAR GRADIENT                    from file  10584 offset           0 length                  24 to matrix element file.
 Array NUCLEAR FORCE CONSTANTS              on  file  10585 does not exist.
 Write ELECTRIC DIPOLE MOMENT              from file      0 offset           0 length                   3 to matrix element file.
 Write NON-ADIABATIC COUPLING              from file  10810 offset           0 length                  24 to matrix element file.
 Write RED INT COORD DIMS                  from file      0 offset           0 length                   4 to matrix element file.
 Write RED INT COORD ATOMS                 from file      0 offset           0 length                 112 to matrix element file.
 Write RED INT COORD VALS                  from file      0 offset           0 length                  28 to matrix element file.
 Write RED INT COORD IFLAGS                from file      0 offset           0 length                  28 to matrix element file.
 Write RED INT COORD RFLAGS                from file      0 offset           0 length                  28 to matrix element file.
 Write RED INT COORD CONSTRAINT            from file      0 offset           0 length                  56 to matrix element file.
 Write FINITE EM FIELD                     from file  10521 offset           0 length                  35 to matrix element file.
 Write OVERLAP                             from file  10514 offset           0 length                 136 to matrix element file.
 Write CORE HAMILTONIAN ALPHA              from file  10515 offset           0 length                 136 to matrix element file.
 Write CORE HAMILTONIAN BETA               from file  10515 offset         136 length                 136 to matrix element file.
 Write KINETIC ENERGY                      from file  10516 offset           0 length                 136 to matrix element file.
 Write ORTHOGONAL BASIS                    from file  10685 offset           0 length                 256 to matrix element file.
 Write DIPOLE INTEGRALS                    from file  10518 offset           0 length                 408 to matrix element file.
 Array DIP VEL INTEGRALS                    on  file  10572 does not exist.
 Array R X DEL INTEGRALS                    on  file  10572 does not exist.
 Write ALPHA ORBITAL ENERGIES              from file      0 offset           0 length                  16 to matrix element file.
 Write ALPHA MO COEFFICIENTS               from file  10524 offset           0 length                 256 to matrix element file.
 Write ALPHA DENSITY MATRIX                from file      0 offset           0 length                 136 to matrix element file.
 Write ALPHA FOCK MATRIX                   from file  10536 offset           0 length                 136 to matrix element file.
 Write ENERGY-WEIGHTED DENSITY             from file  10571 offset           0 length                 136 to matrix element file.
 Write ALPHA SCF DENSITY MATRIX            from file      0 offset           0 length                 136 to matrix element file.
 No 2e integrals to process.
 Perform NBO analysis...executing G16NBO...

 *********************************** NBO 7.0 ***********************************
             N A T U R A L   A T O M I C   O R B I T A L   A N D
          N A T U R A L   B O N D   O R B I T A L   A N A L Y S I S
 **************************** Espen Tangen (S101595) ***************************
  (c) Copyright 1996-2021 Board of Regents of the University of Wisconsin System
      on behalf of the Theoretical Chemistry Institute.  All rights reserved.

          Cite this program [NBO 7.0.10 (8-Feb-2021)] as:

          NBO 7.0.  E. D. Glendening, J. K. Badenhoop, A. E. Reed,
          J. E. Carpenter, J. A. Bohmann, C. M. Morales, P. Karafiloglou,
          C. R. Landis, and F. Weinhold, Theoretical Chemistry Institute,
          University of Wisconsin, Madison, WI (2018)

       /NPA    / : Natural Population Analysis
       /AOPNAO / : Print the AO to PNAO transformation
       /AONAO  / : Print the AO to NAO transformation
       /AONO   / : Print the NOs in the AO basis
       /AOMO   / : Print the MOs in the AO basis
       /BOAO   / : Print the AO bond-order matrix
       /DMAO   / : Print the AO density matrix
       /DMPNAO / : Print the PNAO density matrix
       /DMNAO  / : Print the NAO density matrix
       /DMMO   / : Print the MO density matrix
       /SAO    / : Print the AO overlap matrix
       /SPNAO  / : Print the PNAO overlap matrix
       /DETAIL / : Write details of NBO search
       /ARCHIVE/ : Write the archive file to lfn47
       /AOINFO / : Write AO information to lfn31
       /FILE   / : Set to CH3CH3

 Filename set to CH3CH3

 Job title: NBO-CH3CH3


 MOs in the AO basis:

           AO          1       2       3       4       5       6       7       8
      ------------ ------- ------- ------- ------- ------- ------- ------- -------
   1.  C 1 (s)     -0.7009  0.7018 -0.1666 -0.1461  0.0000  0.0000  0.0189  0.0000
   2.  C 1 (s)     -0.0318  0.0232  0.4488  0.4372  0.0000  0.0000 -0.0779  0.0000
   3.  C 1 (px)     0.0023  0.0022 -0.0482  0.1062 -0.0094  0.2804  0.3888  0.0068
   4.  C 1 (py)    -0.0007 -0.0007  0.0158 -0.0347  0.3744  0.1080 -0.1270  0.3875
   5.  C 1 (pz)     0.0021  0.0021 -0.0446  0.0981  0.1425 -0.2652  0.3593  0.1296
   6.  H 2 (s)      0.0052 -0.0051  0.1092  0.1704 -0.2123 -0.2225  0.1449 -0.2852
   7.  H 3 (s)      0.0052 -0.0051  0.1092  0.1704 -0.0866  0.2951  0.1449 -0.0883
   8.  H 4 (s)      0.0052 -0.0051  0.1092  0.1704  0.2989 -0.0726  0.1449  0.3735
   9.  C 5 (s)      0.7011  0.7016 -0.1666  0.1461  0.0000  0.0000  0.0189  0.0000
  10.  C 5 (s)      0.0318  0.0231  0.4488 -0.4372  0.0000  0.0000 -0.0779  0.0000
  11.  C 5 (px)     0.0023 -0.0022  0.0482  0.1062 -0.0094  0.2804 -0.3888 -0.0068
  12.  C 5 (py)    -0.0007  0.0007 -0.0158 -0.0347  0.3744  0.1080  0.1270 -0.3875
  13.  C 5 (pz)     0.0021 -0.0021  0.0446  0.0981  0.1425 -0.2652 -0.3593 -0.1296
  14.  H 6 (s)     -0.0052 -0.0050  0.1092 -0.1704  0.0866 -0.2951  0.1449 -0.0883
  15.  H 7 (s)     -0.0052 -0.0050  0.1092 -0.1704  0.2123  0.2225  0.1449 -0.2852
  16.  H 8 (s)     -0.0052 -0.0050  0.1092 -0.1704 -0.2989  0.0726  0.1449  0.3735

           AO          9      10      11      12      13      14      15      16
      ------------ ------- ------- ------- ------- ------- ------- ------- -------
   1.  C 1 (s)      0.0000  0.0000  0.0000  0.0473 -0.1508  0.0000  0.0000 -0.1999
   2.  C 1 (s)      0.0000  0.0000  0.0000 -0.2624  0.9915  0.0000  0.0000  1.2966
   3.  C 1 (px)     0.2860 -0.5090 -0.0418  0.7265  0.3069 -0.6076  0.0248 -0.0649
   4.  C 1 (py)     0.0881 -0.2293  0.6714 -0.2373 -0.1003 -0.1731  0.8268  0.0212
   5.  C 1 (pz)    -0.2783  0.4698  0.2825  0.6714  0.2836  0.5963  0.2654 -0.0600
   6.  H 2 (s)     -0.2666 -0.5546  0.4801 -0.2071 -0.5282 -0.4702  0.5206 -0.5176
   7.  H 3 (s)      0.3803  0.6930  0.2402 -0.2071 -0.5282  0.6860  0.1469 -0.5176
   8.  H 4 (s)     -0.1137 -0.1385 -0.7203 -0.2071 -0.5282 -0.2158 -0.6675 -0.5176
   9.  C 5 (s)      0.0000  0.0000  0.0000 -0.0473 -0.1508  0.0000  0.0000  0.1999
  10.  C 5 (s)      0.0000  0.0000  0.0000  0.2623  0.9915  0.0000  0.0000 -1.2966
  11.  C 5 (px)    -0.2860 -0.5090 -0.0418  0.7265 -0.3069  0.6076 -0.0248 -0.0649
  12.  C 5 (py)    -0.0881 -0.2293  0.6714 -0.2373  0.1002  0.1731 -0.8268  0.0212
  13.  C 5 (pz)     0.2783  0.4698  0.2825  0.6714 -0.2836 -0.5963 -0.2654 -0.0600
  14.  H 6 (s)      0.3803 -0.6930 -0.2402  0.2071 -0.5282  0.6860  0.1469  0.5176
  15.  H 7 (s)     -0.2666  0.5546 -0.4801  0.2071 -0.5282 -0.4702  0.5206  0.5176
  16.  H 8 (s)     -0.1137  0.1385  0.7203  0.2071 -0.5282 -0.2158 -0.6675  0.5176


 NOs in the AO basis:

           AO          1       2       3       4       5       6       7       8
      ------------ ------- ------- ------- ------- ------- ------- ------- -------
   1.  C 1 (s)     -0.1639  0.7314 -0.5068 -0.3497 -0.0834  0.2695  0.1069 -0.0135
   2.  C 1 (s)      0.0068 -0.2389 -0.1496  0.1875 -0.4388 -0.0028  0.2097 -0.1995
   3.  C 1 (px)    -0.0009  0.0210 -0.0151 -0.1664 -0.1163 -0.3317  0.1086  0.0396
   4.  C 1 (py)    -0.0122  0.0116 -0.3458  0.2601  0.0477 -0.2163 -0.2935  0.0680
   5.  C 1 (pz)     0.0519 -0.0221  0.0083 -0.2516 -0.0858 -0.2786 -0.0113  0.1744
   6.  H 2 (s)      0.0347 -0.0895  0.2533 -0.1887 -0.1671  0.1177  0.2945 -0.0161
   7.  H 3 (s)     -0.0147 -0.0370 -0.0072  0.0138 -0.1841 -0.1521  0.1553 -0.1465
   8.  H 4 (s)      0.0293 -0.1178 -0.2764  0.0340 -0.1509 -0.3240 -0.1498  0.1112
   9.  C 5 (s)      0.9929  0.1420 -0.0609 -0.0508 -0.0758  0.0611 -0.0115  0.0687
  10.  C 5 (s)     -0.0312 -0.1398 -0.2254  0.1155  0.4211  0.0306  0.2362 -0.2716
  11.  C 5 (px)    -0.0175 -0.1126 -0.1144  0.3278 -0.0724  0.3456  0.0588  0.2521
  12.  C 5 (py)    -0.0031  0.2828  0.1657  0.2300  0.0491 -0.2208  0.2974  0.1525
  13.  C 5 (pz)     0.0162  0.1576  0.1198  0.2954 -0.1100  0.0860 -0.1854 -0.3733
  14.  H 6 (s)     -0.0098  0.1405  0.0919 -0.0786  0.1318 -0.2516 -0.0298 -0.4393
  15.  H 7 (s)     -0.0373  0.0940  0.0257  0.1453  0.1874 -0.1065  0.4083  0.2418
  16.  H 8 (s)     -0.0327 -0.3216 -0.2676 -0.3120  0.1625  0.0534 -0.0393  0.0575

           AO          9      10      11      12      13      14      15      16
      ------------ ------- ------- ------- ------- ------- ------- ------- -------
   1.  C 1 (s)     -0.0324  0.0188 -0.0041 -0.0077 -0.1492  0.1050  0.1731  0.0357
   2.  C 1 (s)     -0.0960 -0.1580  0.0182  0.0553  0.9829 -0.6777 -1.1044 -0.2440
   3.  C 1 (px)     0.3999 -0.5099 -0.1720  0.3114 -0.0287 -0.4985  0.4778 -0.6267
   4.  C 1 (py)     0.0038  0.1103  0.0710 -0.4024 -0.0684 -0.8310  0.2979  0.5663
   5.  C 1 (pz)    -0.3788 -0.7402  0.0111 -0.1025  0.5379  0.3244  0.2459  0.4977
   6.  H 2 (s)     -0.2670  0.2832  0.0171 -0.2489 -0.7597 -0.6493  0.6497  0.2381
   7.  H 3 (s)      0.4524  0.1809  0.2333 -0.3685 -0.1051  0.7789  0.2325  0.8516
   8.  H 4 (s)     -0.2329  0.5322 -0.1275  0.3608 -0.6774  0.6561  0.0866 -0.5416
   9.  C 5 (s)      0.0814  0.0928 -0.0911 -0.1902  0.0307 -0.0117 -0.0882 -0.0549
  10.  C 5 (s)     -0.0882 -0.5753  0.6079  1.2456 -0.2036  0.0650  0.5463  0.3703
  11.  C 5 (px)    -0.0007 -0.6937 -0.7475 -0.1327 -0.3217  0.2621  0.1376  0.0900
  12.  C 5 (py)    -0.0642 -0.4233  0.5554 -0.2439 -0.5742  0.0438 -0.6238 -0.1261
  13.  C 5 (pz)    -0.0752 -0.2483  0.3939 -0.4203  0.1644  0.2130  0.6549 -0.6054
  14.  H 6 (s)     -0.0115 -0.1810 -1.1109 -0.3795 -0.2470  0.0269 -0.3609  0.1309
  15.  H 7 (s)     -0.0743  0.6349 -0.3793 -0.4359  0.7332  0.0605  0.4845 -0.3271
  16.  H 8 (s)      0.0388 -0.2782  0.3667 -1.0072 -0.1895  0.1063 -0.2004 -0.5535


 AO overlap matrix:

           AO          1       2       3       4       5       6       7       8
      ------------ ------- ------- ------- ------- ------- ------- ------- -------
   1.  C 1 (s)      1.0000  0.2484  0.0000  0.0000  0.0000  0.0653  0.0653  0.0653
   2.  C 1 (s)      0.2484  1.0000  0.0000  0.0000  0.0000  0.5023  0.5023  0.5023
   3.  C 1 (px)     0.0000  0.0000  1.0000  0.0000  0.0000 -0.1062  0.4158  0.0289
   4.  C 1 (py)     0.0000  0.0000  0.0000  1.0000  0.0000 -0.4122 -0.0388  0.3405
   5.  C 1 (pz)     0.0000  0.0000  0.0000  0.0000  1.0000  0.2086 -0.2243  0.3286
   6.  H 2 (s)      0.0653  0.5023 -0.1062 -0.4122  0.2086  1.0000  0.1780  0.1780
   7.  H 3 (s)      0.0653  0.5023  0.4158 -0.0388 -0.2243  0.1780  1.0000  0.1780
   8.  H 4 (s)      0.0653  0.5023  0.0289  0.3405  0.3286  0.1780  0.1780  1.0000
   9.  C 5 (s)      0.0000  0.0294 -0.0350  0.0114 -0.0324  0.0060  0.0060  0.0060
  10.  C 5 (s)      0.0294  0.3166 -0.2508  0.0819 -0.2318  0.1051  0.1051  0.1051
  11.  C 5 (px)     0.0350  0.2508 -0.0762  0.0828 -0.2342  0.0528  0.1277  0.0722
  12.  C 5 (py)    -0.0114 -0.0819  0.0828  0.1502  0.0765 -0.0814 -0.0278  0.0266
  13.  C 5 (pz)     0.0324  0.2318 -0.2342  0.0765 -0.0392  0.0928  0.0307  0.1100
  14.  H 6 (s)      0.0060  0.1051 -0.1277  0.0278 -0.0307  0.0562  0.0185  0.0562
  15.  H 7 (s)      0.0060  0.1051 -0.0528  0.0814 -0.0928  0.0185  0.0562  0.0562
  16.  H 8 (s)      0.0060  0.1051 -0.0722 -0.0266 -0.1100  0.0562  0.0562  0.0185

           AO          9      10      11      12      13      14      15      16
      ------------ ------- ------- ------- ------- ------- ------- ------- -------
   1.  C 1 (s)      0.0000  0.0294  0.0350 -0.0114  0.0324  0.0060  0.0060  0.0060
   2.  C 1 (s)      0.0294  0.3166  0.2508 -0.0819  0.2318  0.1051  0.1051  0.1051
   3.  C 1 (px)    -0.0350 -0.2508 -0.0762  0.0828 -0.2342 -0.1277 -0.0528 -0.0722
   4.  C 1 (py)     0.0114  0.0819  0.0828  0.1502  0.0765  0.0278  0.0814 -0.0266
   5.  C 1 (pz)    -0.0324 -0.2318 -0.2342  0.0765 -0.0392 -0.0307 -0.0928 -0.1100
   6.  H 2 (s)      0.0060  0.1051  0.0528 -0.0814  0.0928  0.0562  0.0185  0.0562
   7.  H 3 (s)      0.0060  0.1051  0.1277 -0.0278  0.0307  0.0185  0.0562  0.0562
   8.  H 4 (s)      0.0060  0.1051  0.0722  0.0266  0.1100  0.0562  0.0562  0.0185
   9.  C 5 (s)      1.0000  0.2484  0.0000  0.0000  0.0000  0.0653  0.0653  0.0653
  10.  C 5 (s)      0.2484  1.0000  0.0000  0.0000  0.0000  0.5023  0.5023  0.5023
  11.  C 5 (px)     0.0000  0.0000  1.0000  0.0000  0.0000 -0.4158  0.1062 -0.0289
  12.  C 5 (py)     0.0000  0.0000  0.0000  1.0000  0.0000  0.0388  0.4122 -0.3405
  13.  C 5 (pz)     0.0000  0.0000  0.0000  0.0000  1.0000  0.2243 -0.2086 -0.3286
  14.  H 6 (s)      0.0653  0.5023 -0.4158  0.0388  0.2243  1.0000  0.1780  0.1780
  15.  H 7 (s)      0.0653  0.5023  0.1062  0.4122 -0.2086  0.1780  1.0000  0.1780
  16.  H 8 (s)      0.0653  0.5023 -0.0289 -0.3405 -0.3286  0.1780  0.1780  1.0000


 AO bond-order matrix:

           AO          1       2       3       4       5       6       7       8
      ------------ ------- ------- ------- ------- ------- ------- ------- -------
   1.  C 1 (s)      2.0664 -0.2031 -0.0003  0.0001 -0.0003 -0.0950 -0.0950 -0.0950
   2.  C 1 (s)     -0.2031  0.8004 -0.0111  0.0036 -0.0102  0.2239  0.2239  0.2239
   3.  C 1 (px)    -0.0003 -0.0111  0.6505  0.0015 -0.0043 -0.1388  0.5218  0.0320
   4.  C 1 (py)     0.0001  0.0036  0.0015  0.6547  0.0014 -0.5203 -0.0477  0.4324
   5.  C 1 (pz)    -0.0003 -0.0102 -0.0043  0.0014  0.6512  0.2598 -0.2880  0.4117
   6.  H 2 (s)     -0.0950  0.2239 -0.1388 -0.5203  0.2598  0.6182 -0.1230 -0.1230
   7.  H 3 (s)     -0.0950  0.2239  0.5218 -0.0477 -0.2880 -0.1230  0.6182 -0.1230
   8.  H 4 (s)     -0.0950  0.2239  0.0320  0.4324  0.4117 -0.1230 -0.1230  0.6182
   9.  C 5 (s)      0.0155 -0.0368  0.0681 -0.0222  0.0629  0.0190  0.0190  0.0190
  10.  C 5 (s)     -0.0368  0.0318 -0.1964  0.0642 -0.1815 -0.0735 -0.0735 -0.0735
  11.  C 5 (px)    -0.0681  0.1964 -0.2906  0.0908 -0.2568 -0.0303 -0.1151 -0.0523
  12.  C 5 (py)     0.0222 -0.0642  0.0908 -0.0425  0.0839  0.0825  0.0218 -0.0398
  13.  C 5 (pz)    -0.0629  0.1815 -0.2568  0.0839 -0.2501 -0.0778 -0.0075 -0.0973
  14.  H 6 (s)      0.0190 -0.0735  0.1151 -0.0218  0.0075 -0.0501  0.1235 -0.0501
  15.  H 7 (s)      0.0190 -0.0735  0.0303 -0.0825  0.0778  0.1235 -0.0501 -0.0501
  16.  H 8 (s)      0.0190 -0.0735  0.0523  0.0398  0.0973 -0.0501 -0.0501  0.1235

           AO          9      10      11      12      13      14      15      16
      ------------ ------- ------- ------- ------- ------- ------- ------- -------
   1.  C 1 (s)      0.0155 -0.0368 -0.0681  0.0222 -0.0629  0.0190  0.0190  0.0190
   2.  C 1 (s)     -0.0368  0.0318  0.1964 -0.0642  0.1815 -0.0735 -0.0735 -0.0735
   3.  C 1 (px)     0.0681 -0.1964 -0.2906  0.0908 -0.2568  0.1151  0.0303  0.0523
   4.  C 1 (py)    -0.0222  0.0642  0.0908 -0.0425  0.0839 -0.0218 -0.0825  0.0398
   5.  C 1 (pz)     0.0629 -0.1815 -0.2568  0.0839 -0.2501  0.0075  0.0778  0.0973
   6.  H 2 (s)      0.0190 -0.0735 -0.0303  0.0825 -0.0778 -0.0501  0.1235 -0.0501
   7.  H 3 (s)      0.0190 -0.0735 -0.1151  0.0218 -0.0075  0.1235 -0.0501 -0.0501
   8.  H 4 (s)      0.0190 -0.0735 -0.0523 -0.0398 -0.0973 -0.0501 -0.0501  0.1235
   9.  C 5 (s)      2.0664 -0.2031  0.0003 -0.0001  0.0003 -0.0950 -0.0950 -0.0950
  10.  C 5 (s)     -0.2031  0.8004  0.0111 -0.0036  0.0102  0.2239  0.2239  0.2239
  11.  C 5 (px)     0.0003  0.0111  0.6505  0.0015 -0.0043 -0.5218  0.1388 -0.0320
  12.  C 5 (py)    -0.0001 -0.0036  0.0015  0.6547  0.0014  0.0477  0.5203 -0.4324
  13.  C 5 (pz)     0.0003  0.0102 -0.0043  0.0014  0.6512  0.2880 -0.2598 -0.4117
  14.  H 6 (s)     -0.0950  0.2239 -0.5218  0.0477  0.2880  0.6182 -0.1230 -0.1230
  15.  H 7 (s)     -0.0950  0.2239  0.1388  0.5203 -0.2598 -0.1230  0.6182 -0.1230
  16.  H 8 (s)     -0.0950  0.2239 -0.0320 -0.4324 -0.4117 -0.1230 -0.1230  0.6182


 AO density matrix:

           AO          1       2       3       4       5       6       7       8
      ------------ ------- ------- ------- ------- ------- ------- ------- -------
   1.  C 1 (s)      1.9995  0.5047 -0.0004  0.0001 -0.0004  0.1237  0.1237  0.1237
   2.  C 1 (s)      0.5047  1.8732  0.0135 -0.0044  0.0125  1.1094  1.1094  1.1094
   3.  C 1 (px)    -0.0004  0.0135  1.6000  0.0096 -0.0272 -0.2769  1.1043  0.0804
   4.  C 1 (py)     0.0001 -0.0044  0.0096  1.6262  0.0089 -1.0921 -0.1041  0.8996
   5.  C 1 (pz)    -0.0004  0.0125 -0.0272  0.0089  1.6043  0.5556 -0.5897  0.8730
   6.  H 2 (s)      0.1237  1.1094 -0.2769 -1.0921  0.5556  1.6503  0.3476  0.3476
   7.  H 3 (s)      0.1237  1.1094  1.1043 -0.1041 -0.5897  0.3476  1.6503  0.3476
   8.  H 4 (s)      0.1237  1.1094  0.0804  0.8996  0.8730  0.3476  0.3476  1.6503
   9.  C 5 (s)      0.0001  0.0565 -0.0652  0.0213 -0.0603  0.0122  0.0122  0.0122
  10.  C 5 (s)      0.0565  0.6701 -0.5849  0.1911 -0.5405  0.2115  0.2115  0.2115
  11.  C 5 (px)     0.0652  0.5849 -0.3076  0.2223 -0.6289  0.0920  0.2617  0.1359
  12.  C 5 (py)    -0.0213 -0.1911  0.2223  0.3003  0.2054 -0.1754 -0.0540  0.0694
  13.  C 5 (pz)     0.0603  0.5405 -0.6289  0.2054 -0.2083  0.1847  0.0440  0.2238
  14.  H 6 (s)      0.0122  0.2115 -0.2617  0.0540 -0.0440  0.0907  0.0724  0.0907
  15.  H 7 (s)      0.0122  0.2115 -0.0920  0.1754 -0.1847  0.0724  0.0907  0.0907
  16.  H 8 (s)      0.0122  0.2115 -0.1359 -0.0694 -0.2238  0.0907  0.0907  0.0724

           AO          9      10      11      12      13      14      15      16
      ------------ ------- ------- ------- ------- ------- ------- ------- -------
   1.  C 1 (s)      0.0001  0.0565  0.0652 -0.0213  0.0603  0.0122  0.0122  0.0122
   2.  C 1 (s)      0.0565  0.6701  0.5849 -0.1911  0.5405  0.2115  0.2115  0.2115
   3.  C 1 (px)    -0.0652 -0.5849 -0.3076  0.2223 -0.6289 -0.2617 -0.0920 -0.1359
   4.  C 1 (py)     0.0213  0.1911  0.2223  0.3003  0.2054  0.0540  0.1754 -0.0694
   5.  C 1 (pz)    -0.0603 -0.5405 -0.6289  0.2054 -0.2083 -0.0440 -0.1847 -0.2238
   6.  H 2 (s)      0.0122  0.2115  0.0920 -0.1754  0.1847  0.0907  0.0724  0.0907
